Timestamp	ID	Payload	Payload Length	Type	Name
0,000000	C9	00  00  00  00  00  00  00  00	8	S	
0,000248	E9	00  00  00  00  00  00  00  00	8	S	
0,000441	A9	00  00  00  00  00	5	S	
0,000685	109	01  00  82  00  01  00  00  00	8	S	
0,000923	349	03  64  00  10  00  00  E9  10	8	S	
0,001163	489	F0  01  11  46  00  01  00  3F	8	S	
0,001352	4E9	03  00  02  01  00	5	S	
0,001596	789	A8  00  00  00  00  00  00  00	8	S	
0,004065	349	03  64  00  1F  00  00  EC  1E	8	S	
0,009071	A9	00  00  00  00  00	5	S	
0,009319	E9	00  00  00  00  00  00  00  00	8	S	
0,009567	C9	00  00  00  00  00  00  00  00	8	S	
0,009752	4E9	03  C3  02  00  00	5	S	
0,009996	789	C8  00  00  00  00  00  00  00	8	S	
0,014104	349	03  64  00  1F  00  00  DD  1E	8	S	
0,024063	349	03  64  00  1F  00  00  CE  1E	8	S	
0,034061	349	03  64  00  1F  00  00  BF  1E	8	S	
0,044112	349	03  64  00  1F  00  00  A0  1E	8	S	
0,049078	489	FF  03  11  46  40  01  00  3F	8	S	
0,054060	349	03  64  00  1F  00  00  91  1E	8	S	
0,064061	349	03  64  00  1F  00  00  82  1E	8	S	
0,069101	C9	00  00  00  00  00  00  00  00	8	S	
0,069350	E9	00  00  00  00  00  00  00  00	8	S	
0,074052	A9	00  00  00  00  00	5	S	
0,074290	349	03  64  00  1F  00  00  73  1E	8	S	
0,084064	349	03  64  00  1F  00  00  64  1E	8	S	
0,094059	349	03  64  00  1F  00  00  55  1E	8	S	
0,094244	4E9	03  D2  02  00  00	5	S	
0,104104	349	03  64  00  1F  00  00  46  1E	8	S	
0,109076	489	FF  03  11  46  40  01  00  3F	8	S	
0,114058	349	03  64  00  1F  00  00  37  1E	8	S	
0,124063	349	03  64  00  1F  00  00  28  1E	8	S	
0,134091	349	03  64  00  1F  00  00  19  1E	8	S	
0,144062	349	03  64  00  1F  00  00  0A  1E	8	S	
0,154062	349	03  64  00  1F  00  00  FB  1E	8	S	
0,164159	349	03  64  00  1F  00  00  EC  1E	8	S	
0,169113	C9	00  00  00  00  00  00  00  00	8	S	
0,169361	E9	00  00  00  00  00  00  00  00	8	S	
0,169600	489	FF  03  11  46  40  01  00  3F	8	S	
0,174026	A9	00  00  00  00  00	5	S	
0,174264	349	03  64  00  1F  00  00  DD  1E	8	S	
0,184065	349	03  64  00  1F  00  00  CE  1E	8	S	
0,194113	349	03  64  00  1F  00  00  BF  1E	8	S	
0,194302	4E9	03  E1  02  00  00	5	S	
0,204080	349	03  64  00  1F  00  00  A0  1E	8	S	
0,214078	349	03  64  00  1F  00  00  91  1E	8	S	
0,224125	349	03  64  00  1F  00  00  82  1E	8	S	
0,229093	489	FF  03  11  46  40  01  00  3F	8	S	
0,234077	349	03  64  00  1F  00  00  73  1E	8	S	
0,244080	349	03  64  00  1F  00  00  64  1E	8	S	
0,254108	349	03  64  00  1F  00  00  55  1E	8	S	
0,264077	349	03  64  00  1F  00  00  46  1E	8	S	
0,269117	C9	00  00  00  00  00  00  00  00	8	S	
0,269365	E9	00  00  00  00  00  00  00  00	8	S	
0,274042	A9	00  00  00  00  00	5	S	
0,274278	349	03  64  00  1F  00  00  37  1E	8	S	
0,284114	349	03  64  00  1F  00  00  28  1E	8	S	
0,289103	489	FF  03  11  46  40  01  00  3F	8	S	
0,294065	349	03  64  00  1F  00  00  19  1E	8	S	
0,294253	4E9	03  F0  02  00  00	5	S	
0,304066	349	03  64  00  1F  00  00  0A  1E	8	S	
0,314108	349	03  64  00  1F  00  00  FB  1E	8	S	
0,324069	349	03  64  00  1F  00  00  EC  1E	8	S	
0,334065	349	03  64  00  1F  00  00  DD  1E	8	S	
0,344110	349	03  64  00  1F  00  00  CE  1E	8	S	
0,349080	489	FF  03  11  46  40  01  00  3F	8	S	
0,354066	349	03  64  00  1F  00  00  BF  1E	8	S	
0,364071	349	03  64  00  1F  00  00  A0  1E	8	S	
0,369103	C9	00  00  00  00  00  00  00  00	8	S	
0,369351	E9	00  00  00  00  00  00  00  00	8	S	
0,374056	A9	00  00  00  00  00	5	S	
0,374294	349	03  64  00  1F  00  00  91  1E	8	S	
0,384089	349	03  64  00  1F  00  00  82  1E	8	S	
0,384333	789	C8  00  00  00  00  00  00  00	8	S	
0,394067	349	03  64  00  1F  00  00  73  1E	8	S	
0,394256	4E9	03  0F  02  00  00	5	S	
0,404120	349	03  64  00  1F  00  00  64  1E	8	S	
0,409082	489	FF  03  11  46  40  01  00  3F	8	S	
0,414065	349	03  64  00  1F  00  00  55  1E	8	S	
0,424063	349	03  64  00  1F  00  00  46  1E	8	S	
0,434095	349	03  64  00  1F  00  00  37  1E	8	S	
0,444068	349	03  64  00  1F  00  00  28  1E	8	S	
0,454064	349	03  64  00  1F  00  00  19  1E	8	S	
0,464151	349	03  64  00  1F  00  00  0A  1E	8	S	
0,469117	C9	00  00  00  00  00  00  00  00	8	S	
0,469366	E9	00  00  00  00  00  00  00  00	8	S	
0,469604	489	FF  03  11  46  40  01  00  3F	8	S	
0,474028	A9	00  00  00  00  00	5	S	
0,474267	349	03  64  00  1F  00  00  FB  1E	8	S	
0,484069	349	03  64  00  1F  00  00  EC  1E	8	S	
0,494097	349	03  64  00  1F  00  00  DD  1E	8	S	
0,494282	4E9	03  1E  02  00  00	5	S	
0,504068	349	03  64  00  1F  00  00  CE  1E	8	S	
0,514067	349	03  64  00  1F  00  00  BF  1E	8	S	
0,524119	349	03  64  00  1F  00  00  A0  1E	8	S	
0,529083	489	FF  03  11  46  40  01  00  3F	8	S	
0,534068	349	03  64  00  1F  00  00  91  1E	8	S	
0,544066	349	03  64  00  1F  00  00  82  1E	8	S	
0,554097	349	03  64  00  1F  00  00  73  1E	8	S	
0,564069	349	03  64  00  1F  00  00  64  1E	8	S	
0,569109	C9	00  00  00  00  00  00  00  00	8	S	
0,569357	E9	00  00  00  00  00  00  00  00	8	S	
0,574030	A9	00  00  00  00  00	5	S	
0,574266	349	03  64  00  1F  00  00  55  1E	8	S	
0,584111	349	03  64  00  1F  00  00  46  1E	8	S	
0,589095	489	FF  03  11  46  40  01  00  3F	8	S	
0,594065	349	03  64  00  1F  00  00  37  1E	8	S	
0,594254	4E9	03  2D  02  00  00	5	S	
0,604068	349	03  64  00  1F  00  00  28  1E	8	S	
0,614110	349	03  64  00  1F  00  00  19  1E	8	S	
0,624069	349	03  64  00  1F  00  00  0A  1E	8	S	
0,634068	349	03  64  00  1F  00  00  FB  1E	8	S	
0,644122	349	03  64  00  1F  00  00  EC  1E	8	S	
0,649086	489	FF  03  11  46  40  01  00  3F	8	S	
0,654068	349	03  64  00  1F  00  00  DD  1E	8	S	
0,664069	349	03  64  00  1F  00  00  CE  1E	8	S	
0,669107	C9	00  00  00  00  00  00  00  00	8	S	
0,669355	E9	00  00  00  00  00  00  00  00	8	S	
0,674058	A9	00  00  00  00  00	5	S	
0,674296	349	03  64  00  1F  00  00  BF  1E	8	S	
0,684069	349	03  64  00  1F  00  00  A0  1E	8	S	
0,694069	349	03  64  00  1F  00  00  91  1E	8	S	
0,694253	4E9	03  3C  02  00  00	5	S	
0,704114	349	03  64  00  1F  00  00  82  1E	8	S	
0,709094	489	FF  03  11  46  40  01  00  3F	8	S	
0,714068	349	03  64  00  1F  00  00  73  1E	8	S	
0,724073	349	03  64  00  1F  00  00  64  1E	8	S	
0,734114	349	03  64  00  1F  00  00  55  1E	8	S	
0,744082	349	03  64  00  1F  00  00  46  1E	8	S	
0,754068	349	03  64  00  1F  00  00  37  1E	8	S	
0,764179	349	03  64  00  1F  00  00  28  1E	8	S	
0,769135	C9	00  00  00  00  00  00  00  00	8	S	
0,769383	E9	00  00  00  00  00  00  00  00	8	S	
0,769622	489	FF  03  11  46  40  01  00  3F	8	S	
0,774046	A9	00  00  00  00  00	5	S	
0,774284	349	03  64  00  1F  00  00  19  1E	8	S	
0,784087	349	03  64  00  1F  00  00  0A  1E	8	S	
0,794115	349	03  64  00  1F  00  00  FB  1E	8	S	
0,794300	4E9	03  4B  02  00  00	5	S	
0,804088	349	03  64  00  1F  00  00  EC  1E	8	S	
0,814070	349	03  64  00  1F  00  00  DD  1E	8	S	
0,824129	349	03  64  00  1F  00  00  CE  1E	8	S	
0,829101	489	FF  03  11  46  40  01  00  3F	8	S	
0,834084	349	03  64  00  1F  00  00  BF  1E	8	S	
0,844070	349	03  64  00  1F  00  00  A0  1E	8	S	
0,854103	349	03  64  00  1F  00  00  91  1E	8	S	
0,864071	349	03  64  00  1F  00  00  82  1E	8	S	
0,869109	C9	00  00  00  00  00  00  00  00	8	S	
0,869358	E9	00  00  00  00  00  00  00  00	8	S	
0,874032	A9	00  00  00  00  00	5	S	
0,874270	349	03  64  00  1F  00  00  73  1E	8	S	
0,884125	349	03  64  00  1F  00  00  64  1E	8	S	
0,889099	489	FF  03  11  46  40  01  00  3F	8	S	
0,894069	349	03  64  00  1F  00  00  55  1E	8	S	
0,894254	4E9	03  5A  02  00  00	5	S	
0,904070	349	03  64  00  1F  00  00  46  1E	8	S	
0,914114	349	03  64  00  1F  00  00  37  1E	8	S	
0,924073	349	03  64  00  1F  00  00  28  1E	8	S	
0,934073	349	03  64  00  1F  00  00  19  1E	8	S	
0,944118	349	03  64  00  1F  00  00  0A  1E	8	S	
0,949088	489	FF  03  11  46  40  01  00  3F	8	S	
0,954072	349	03  64  00  1F  00  00  FB  1E	8	S	
0,964075	349	03  64  00  1F  00  00  EC  1E	8	S	
0,969111	C9	00  00  00  00  00  00  00  00	8	S	
0,969359	E9	00  00  00  00  00  00  00  00	8	S	
0,974064	A9	00  00  00  00  00	5	S	
0,974302	349	03  64  00  1F  00  00  DD  1E	8	S	
0,984073	349	03  64  00  1F  00  00  CE  1E	8	S	
0,994075	349	03  64  00  1F  00  00  BF  1E	8	S	
0,994259	4E9	03  69  02  00  00	5	S	
1,004126	349	03  64  00  1F  00  00  A0  1E	8	S	
1,009086	489	FF  03  11  46  40  01  00  3F	8	S	
1,014074	349	03  64  00  1F  00  00  91  1E	8	S	
1,024075	349	03  64  00  1F  00  00  82  1E	8	S	
1,034103	349	03  64  00  1F  00  00  73  1E	8	S	
1,044076	349	03  64  00  1F  00  00  64  1E	8	S	
1,054072	349	03  64  00  1F  00  00  55  1E	8	S	
1,064157	349	03  64  00  1F  00  00  46  1E	8	S	
1,069125	C9	00  00  00  00  00  00  00  00	8	S	
1,069373	E9	00  00  00  00  00  00  00  00	8	S	
1,069612	489	FF  03  11  46  40  01  00  3F	8	S	
1,074034	A9	00  00  00  00  00	5	S	
1,074270	349	03  64  00  1F  00  00  37  1E	8	S	
1,084074	349	03  64  00  1F  00  00  28  1E	8	S	
1,094119	349	03  64  00  1F  00  00  19  1E	8	S	
1,094307	4E9	03  78  02  00  00	5	S	
1,104090	349	03  64  00  1F  00  00  0A  1E	8	S	
1,114090	349	03  64  00  1F  00  00  FB  1E	8	S	
1,124143	349	03  64  00  1F  00  00  EC  1E	8	S	
1,129105	489	FF  03  11  46  40  01  00  3F	8	S	
1,134089	349	03  64  00  1F  00  00  DD  1E	8	S	
1,144090	349	03  64  00  1F  00  00  CE  1E	8	S	
1,154120	349	03  64  00  1F  00  00  BF  1E	8	S	
1,164097	349	03  64  00  1F  00  00  A0  1E	8	S	
1,169131	C9	00  00  00  00  00  00  00  00	8	S	
1,169379	E9	00  00  00  00  00  00  00  00	8	S	
1,174052	A9	00  00  00  00  00	5	S	
1,174290	349	03  64  00  1F  00  00  91  1E	8	S	
1,184136	349	03  64  00  1F  00  00  82  1E	8	S	
1,189101	489	FF  03  11  46  40  01  00  3F	8	S	
1,194093	349	03  64  00  1F  00  00  73  1E	8	S	
1,194280	4E9	03  87  02  00  00	5	S	
1,204096	349	03  64  00  1F  00  00  64  1E	8	S	
1,214120	349	03  64  00  1F  00  00  55  1E	8	S	
1,224075	349	03  64  00  1F  00  00  46  1E	8	S	
1,234075	349	03  64  00  1F  00  00  37  1E	8	S	
1,244126	349	03  64  00  1F  00  00  28  1E	8	S	
1,249094	489	FF  03  11  46  40  01  00  3F	8	S	
1,254076	349	03  64  00  1F  00  00  19  1E	8	S	
1,264077	349	03  64  00  1F  00  00  0A  1E	8	S	
1,269115	C9	00  00  00  00  00  00  00  00	8	S	
1,269363	E9	00  00  00  00  00  00  00  00	8	S	
1,274068	A9	00  00  00  00  00	5	S	
1,274306	349	03  64  00  1F  00  00  FB  1E	8	S	
1,284081	349	03  64  00  1F  00  00  EC  1E	8	S	
1,294077	349	03  64  00  1F  00  00  DD  1E	8	S	
1,294261	4E9	03  96  02  00  00	5	S	
1,304124	349	03  64  00  1F  00  00  CE  1E	8	S	
1,309092	489	FF  03  11  46  40  01  00  3F	8	S	
1,314076	349	03  64  00  1F  00  00  BF  1E	8	S	
1,324079	349	03  64  00  1F  00  00  A0  1E	8	S	
1,334107	349	03  64  00  1F  00  00  91  1E	8	S	
1,344078	349	03  64  00  1F  00  00  82  1E	8	S	
1,354078	349	03  64  00  1F  00  00  73  1E	8	S	
1,364182	349	03  64  00  1F  00  00  64  1E	8	S	
1,369129	C9	00  00  00  00  00  00  00  00	8	S	
1,369377	E9	00  00  00  00  00  00  00  00	8	S	
1,369616	489	FF  03  11  46  40  01  00  3F	8	S	
1,374038	A9	00  00  00  00  00	5	S	
1,374274	349	03  64  00  1F  00  00  55  1E	8	S	
1,384099	349	03  64  00  1F  00  00  46  1E	8	S	
1,384343	789	C8  00  00  00  00  00  00  00	8	S	
1,394121	349	03  64  00  1F  00  00  37  1E	8	S	
1,394310	4E9	03  A5  02  00  00	5	S	
1,404080	349	03  64  00  1F  00  00  28  1E	8	S	
1,414079	349	03  64  00  1F  00  00  19  1E	8	S	
1,424139	349	03  64  00  1F  00  00  0A  1E	8	S	
1,429109	489	FF  03  11  46  40  01  00  3F	8	S	
1,434092	349	03  64  00  1F  00  00  FB  1E	8	S	
1,444096	349	03  64  00  1F  00  00  EC  1E	8	S	
1,454124	349	03  64  00  1F  00  00  DD  1E	8	S	
1,464095	349	03  64  00  1F  00  00  CE  1E	8	S	
1,469133	C9	00  00  00  00  00  00  00  00	8	S	
1,469382	E9	00  00  00  00  00  00  00  00	8	S	
1,474054	A9	00  00  00  00  00	5	S	
1,474292	349	03  64  00  1F  00  00  BF  1E	8	S	
1,484147	349	03  64  00  1F  00  00  A0  1E	8	S	
1,489117	489	FF  03  11  46  40  01  00  3F	8	S	
1,494081	349	03  64  00  1F  00  00  91  1E	8	S	
1,494266	4E9	03  B4  02  00  00	5	S	
1,504080	349	03  64  00  1F  00  00  82  1E	8	S	
1,514124	349	03  64  00  1F  00  00  73  1E	8	S	
1,524081	349	03  64  00  1F  00  00  64  1E	8	S	
1,534080	349	03  64  00  1F  00  00  55  1E	8	S	
1,544124	349	03  64  00  1F  00  00  46  1E	8	S	
1,549096	489	FF  03  11  46  40  01  00  3F	8	S	
1,554080	349	03  64  00  1F  00  00  37  1E	8	S	
1,564087	349	03  64  00  1F  00  00  28  1E	8	S	
1,569119	C9	00  00  00  00  00  00  00  00	8	S	
1,569368	E9	00  00  00  00  00  00  00  00	8	S	
1,574072	A9	00  00  00  00  00	5	S	
1,574310	349	03  64  00  1F  00  00  19  1E	8	S	
1,584083	349	03  64  00  1F  00  00  0A  1E	8	S	
1,594079	349	03  64  00  1F  00  00  FB  1E	8	S	
1,594264	4E9	03  C3  02  00  00	5	S	
1,604134	349	03  64  00  1F  00  00  EC  1E	8	S	
1,609096	489	FF  03  11  46  40  01  00  3F	8	S	
1,614083	349	03  64  00  1F  00  00  DD  1E	8	S	
1,624081	349	03  64  00  1F  00  00  CE  1E	8	S	
1,634111	349	03  64  00  1F  00  00  BF  1E	8	S	
1,644082	349	03  64  00  1F  00  00  A0  1E	8	S	
1,654084	349	03  64  00  1F  00  00  91  1E	8	S	
1,664167	349	03  64  00  1F  00  00  82  1E	8	S	
1,669131	C9	00  00  00  00  00  00  00  00	8	S	
1,669380	E9	00  00  00  00  00  00  00  00	8	S	
1,669618	489	FF  03  11  46  40  01  00  3F	8	S	
1,674044	A9	00  00  00  00  00	5	S	
1,674283	349	03  64  00  1F  00  00  73  1E	8	S	
1,684087	349	03  64  00  1F  00  00  64  1E	8	S	
1,694111	349	03  64  00  1F  00  00  55  1E	8	S	
1,694295	4E9	03  D2  02  00  00	5	S	
1,704082	349	03  64  00  1F  00  00  46  1E	8	S	
1,714083	349	03  64  00  1F  00  00  37  1E	8	S	
1,724133	349	03  64  00  1F  00  00  28  1E	8	S	
1,729099	489	FF  03  11  46  40  01  00  3F	8	S	
1,734084	349	03  64  00  1F  00  00  19  1E	8	S	
1,744082	349	03  64  00  1F  00  00  0A  1E	8	S	
1,754113	349	03  64  00  1F  00  00  FB  1E	8	S	
1,764085	349	03  64  00  1F  00  00  EC  1E	8	S	
1,769125	C9	00  00  00  00  00  00  00  00	8	S	
1,769373	E9	00  00  00  00  00  00  00  00	8	S	
1,774044	A9	00  00  00  00  00	5	S	
1,774282	349	03  64  00  1F  00  00  DD  1E	8	S	
1,784129	349	03  64  00  1F  00  00  CE  1E	8	S	
1,789107	489	FF  03  11  46  40  01  00  3F	8	S	
1,794081	349	03  64  00  1F  00  00  BF  1E	8	S	
1,794270	4E9	03  E1  02  00  00	5	S	
1,804084	349	03  64  00  1F  00  00  A0  1E	8	S	
1,814128	349	03  64  00  1F  00  00  91  1E	8	S	
1,824083	349	03  64  00  1F  00  00  82  1E	8	S	
1,834084	349	03  64  00  1F  00  00  73  1E	8	S	
1,844136	349	03  64  00  1F  00  00  64  1E	8	S	
1,849100	489	FF  03  11  46  40  01  00  3F	8	S	
1,854083	349	03  64  00  1F  00  00  55  1E	8	S	
1,864083	349	03  64  00  1F  00  00  46  1E	8	S	
1,869123	C9	00  00  00  00  00  00  00  00	8	S	
1,869371	E9	00  00  00  00  00  00  00  00	8	S	
1,874074	A9	00  00  00  00  00	5	S	
1,874310	349	03  64  00  1F  00  00  37  1E	8	S	
1,884087	349	03  64  00  1F  00  00  28  1E	8	S	
1,894083	349	03  64  00  1F  00  00  19  1E	8	S	
1,894271	4E9	03  F0  02  00  00	5	S	
1,904130	349	03  64  00  1F  00  00  0A  1E	8	S	
1,909108	489	FF  03  11  46  40  01  00  3F	8	S	
1,914087	349	03  64  00  1F  00  00  FB  1E	8	S	
1,924087	349	03  64  00  1F  00  00  EC  1E	8	S	
1,934115	349	03  64  00  1F  00  00  DD  1E	8	S	
1,944086	349	03  64  00  1F  00  00  CE  1E	8	S	
1,954084	349	03  64  00  1F  00  00  BF  1E	8	S	
1,964181	349	03  64  00  1F  00  00  A0  1E	8	S	
1,969135	C9	00  00  00  00  00  00  00  00	8	S	
1,969383	E9	00  00  00  00  00  00  00  00	8	S	
1,969622	489	FF  03  11  46  40  01  00  3F	8	S	
1,974060	A9	00  00  00  00  00	5	S	
1,974298	349	03  64  00  1F  00  00  91  1E	8	S	
1,984099	349	03  64  00  1F  00  00  82  1E	8	S	
1,994129	349	03  64  00  1F  00  00  73  1E	8	S	
1,994318	4E9	03  0F  02  00  00	5	S	
2,004102	349	03  64  00  1F  00  00  64  1E	8	S	
2,014098	349	03  64  00  1F  00  00  55  1E	8	S	
2,024145	349	03  64  00  1F  00  00  46  1E	8	S	
2,029117	489	FF  03  11  46  40  01  00  3F	8	S	
2,034098	349	03  64  00  1F  00  00  37  1E	8	S	
2,044100	349	03  64  00  1F  00  00  28  1E	8	S	
2,054131	349	03  64  00  1F  00  00  19  1E	8	S	
2,064087	349	03  64  00  1F  00  00  0A  1E	8	S	
2,069125	C9	00  00  00  00  00  00  00  00	8	S	
2,069374	E9	00  00  00  00  00  00  00  00	8	S	
2,074048	A9	00  00  00  00  00	5	S	
2,074286	349	03  64  00  1F  00  00  FB  1E	8	S	
2,084138	349	03  64  00  1F  00  00  EC  1E	8	S	
2,089117	489	FF  03  11  46  40  01  00  3F	8	S	
2,094087	349	03  64  00  1F  00  00  DD  1E	8	S	
2,094272	4E9	03  1E  02  00  00	5	S	
2,104100	349	03  64  00  1F  00  00  CE  1E	8	S	
2,114130	349	03  64  00  1F  00  00  BF  1E	8	S	
2,124087	349	03  64  00  1F  00  00  A0  1E	8	S	
2,134087	349	03  64  00  1F  00  00  91  1E	8	S	
2,144132	349	03  64  00  1F  00  00  82  1E	8	S	
2,149104	489	FF  03  11  46  40  01  00  3F	8	S	
2,154087	349	03  64  00  1F  00  00  73  1E	8	S	
2,164091	349	03  64  00  1F  00  00  64  1E	8	S	
2,169125	C9	00  00  00  00  00  00  00  00	8	S	
2,169374	E9	00  00  00  00  00  00  00  00	8	S	
2,174078	A9	00  00  00  00  00	5	S	
2,174314	349	03  64  00  1F  00  00  55  1E	8	S	
2,184084	349	03  64  00  1F  00  00  46  1E	8	S	
2,194087	349	03  64  00  1F  00  00  37  1E	8	S	
2,194275	4E9	03  2D  02  00  00	5	S	
2,204140	349	03  64  00  1F  00  00  28  1E	8	S	
2,209102	489	FF  03  11  46  40  01  00  3F	8	S	
2,214088	349	03  64  00  1F  00  00  19  1E	8	S	
2,224089	349	03  64  00  1F  00  00  0A  1E	8	S	
2,234118	349	03  64  00  1F  00  00  FB  1E	8	S	
2,244092	349	03  64  00  1F  00  00  EC  1E	8	S	
2,254088	349	03  64  00  1F  00  00  DD  1E	8	S	
2,264173	349	03  64  00  1F  00  00  CE  1E	8	S	
2,269141	C9	00  00  00  00  00  00  00  00	8	S	
2,269389	E9	00  00  00  00  00  00  00  00	8	S	
2,269628	489	FF  03  11  46  40  01  00  3F	8	S	
2,274050	A9	00  00  00  00  00	5	S	
2,274288	349	03  64  00  1F  00  00  BF  1E	8	S	
2,284091	349	03  64  00  1F  00  00  A0  1E	8	S	
2,294121	349	03  64  00  1F  00  00  91  1E	8	S	
2,294305	4E9	03  3C  02  00  00	5	S	
2,304104	349	03  64  00  1F  00  00  82  1E	8	S	
2,314106	349	03  64  00  1F  00  00  73  1E	8	S	
2,324159	349	03  64  00  1F  00  00  64  1E	8	S	
2,329121	489	FF  03  11  46  40  01  00  3F	8	S	
2,334104	349	03  64  00  1F  00  00  55  1E	8	S	
2,344102	349	03  64  00  1F  00  00  46  1E	8	S	
2,354134	349	03  64  00  1F  00  00  37  1E	8	S	
2,364113	349	03  64  00  1F  00  00  28  1E	8	S	
2,369147	C9	00  00  00  00  00  00  00  00	8	S	
2,369395	E9	00  00  00  00  00  00  00  00	8	S	
2,374066	A9	00  00  00  00  00	5	S	
2,374304	349	03  64  00  1F  00  00  19  1E	8	S	
2,384172	349	03  64  00  1F  00  00  0A  1E	8	S	
2,384417	789	C8  00  00  00  00  00  00  00	8	S	
2,389129	489	FF  03  11  46  40  01  00  3F	8	S	
2,394107	349	03  64  00  1F  00  00  FB  1E	8	S	
2,394292	4E9	03  4B  02  00  00	5	S	
2,404109	349	03  64  00  1F  00  00  EC  1E	8	S	
2,414151	349	03  64  00  1F  00  00  DD  1E	8	S	
2,424093	349	03  64  00  1F  00  00  CE  1E	8	S	
2,434092	349	03  64  00  1F  00  00  BF  1E	8	S	
2,444144	349	03  64  00  1F  00  00  A0  1E	8	S	
2,449108	489	FF  03  11  46  40  01  00  3F	8	S	
2,454093	349	03  64  00  1F  00  00  91  1E	8	S	
2,464093	349	03  64  00  1F  00  00  82  1E	8	S	
2,469131	C9	00  00  00  00  00  00  00  00	8	S	
2,469380	E9	00  00  00  00  00  00  00  00	8	S	
2,474082	A9	00  00  00  00  00	5	S	
2,474320	349	03  64  00  1F  00  00  73  1E	8	S	
2,484095	349	03  64  00  1F  00  00  64  1E	8	S	
2,494092	349	03  64  00  1F  00  00  55  1E	8	S	
2,494276	4E9	03  5A  02  00  00	5	S	
2,504138	349	03  64  00  1F  00  00  46  1E	8	S	
2,509110	489	FF  03  11  46  40  01  00  3F	8	S	
2,514091	349	03  64  00  1F  00  00  37  1E	8	S	
2,524093	349	03  64  00  1F  00  00  28  1E	8	S	
2,534123	349	03  64  00  1F  00  00  19  1E	8	S	
2,544094	349	03  64  00  1F  00  00  0A  1E	8	S	
2,554094	349	03  64  00  1F  00  00  FB  1E	8	S	
2,564187	349	03  64  00  1F  00  00  EC  1E	8	S	
2,569145	C9	00  00  00  00  00  00  00  00	8	S	
2,569394	E9	00  00  00  00  00  00  00  00	8	S	
2,569632	489	FF  03  11  46  40  01  00  3F	8	S	
2,574054	A9	00  00  00  00  00	5	S	
2,574293	349	03  64  00  1F  00  00  DD  1E	8	S	
2,584093	349	03  64  00  1F  00  00  CE  1E	8	S	
2,594123	349	03  64  00  1F  00  00  BF  1E	8	S	
2,594308	4E9	03  69  02  00  00	5	S	
2,604096	349	03  64  00  1F  00  00  A0  1E	8	S	
2,614092	349	03  64  00  1F  00  00  91  1E	8	S	
2,624139	349	03  64  00  1F  00  00  82  1E	8	S	
2,629109	489	FF  03  11  46  40  01  00  3F	8	S	
2,634094	349	03  64  00  1F  00  00  73  1E	8	S	
2,644096	349	03  64  00  1F  00  00  64  1E	8	S	
2,654122	349	03  64  00  1F  00  00  55  1E	8	S	
2,664091	349	03  64  00  1F  00  00  46  1E	8	S	
2,669133	C9	00  00  00  00  00  00  00  00	8	S	
2,669382	E9	00  00  00  00  00  00  00  00	8	S	
2,674054	A9	00  00  00  00  00	5	S	
2,674290	349	03  64  00  1F  00  00  37  1E	8	S	
2,684144	349	03  64  00  1F  00  00  28  1E	8	S	
2,689119	489	FF  03  11  46  40  01  00  3F	8	S	
2,694094	349	03  64  00  1F  00  00  19  1E	8	S	
2,694282	4E9	03  78  02  00  00	5	S	
2,704096	349	03  64  00  1F  00  00  0A  1E	8	S	
2,714139	349	03  64  00  1F  00  00  FB  1E	8	S	
2,724099	349	03  64  00  1F  00  00  EC  1E	8	S	
2,734096	349	03  64  00  1F  00  00  DD  1E	8	S	
2,744140	349	03  64  00  1F  00  00  CE  1E	8	S	
2,749112	489	FF  03  11  46  40  01  00  3F	8	S	
2,754095	349	03  64  00  1F  00  00  BF  1E	8	S	
2,764103	349	03  64  00  1F  00  00  A0  1E	8	S	
2,769135	C9	00  00  00  00  00  00  00  00	8	S	
2,769384	E9	00  00  00  00  00  00  00  00	8	S	
2,774086	A9	00  00  00  00  00	5	S	
2,774324	349	03  64  00  1F  00  00  91  1E	8	S	
2,784097	349	03  64  00  1F  00  00  82  1E	8	S	
2,794095	349	03  64  00  1F  00  00  73  1E	8	S	
2,794281	4E9	03  87  02  00  00	5	S	
2,804150	349	03  64  00  1F  00  00  64  1E	8	S	
2,809110	489	FF  03  11  46  40  01  00  3F	8	S	
2,814093	349	03  64  00  1F  00  00  55  1E	8	S	
2,824093	349	03  64  00  1F  00  00  46  1E	8	S	
2,834126	349	03  64  00  1F  00  00  37  1E	8	S	
2,844098	349	03  64  00  1F  00  00  28  1E	8	S	
2,854096	349	03  64  00  1F  00  00  19  1E	8	S	
2,864183	349	03  64  00  1F  00  00  0A  1E	8	S	
2,869147	C9	00  00  00  00  00  00  00  00	8	S	
2,869395	E9	00  00  00  00  00  00  00  00	8	S	
2,869634	489	FF  03  11  46  40  01  00  3F	8	S	
2,874060	A9	00  00  00  00  00	5	S	
2,874299	349	03  64  00  1F  00  00  FB  1E	8	S	
2,884101	349	03  64  00  1F  00  00  EC  1E	8	S	
2,894127	349	03  64  00  1F  00  00  DD  1E	8	S	
2,894311	4E9	03  96  02  00  00	5	S	
2,904098	349	03  64  00  1F  00  00  CE  1E	8	S	
2,914098	349	03  64  00  1F  00  00  BF  1E	8	S	
2,924149	349	03  64  00  1F  00  00  A0  1E	8	S	
2,929113	489	FF  03  11  46  40  01  00  3F	8	S	
2,934098	349	03  64  00  1F  00  00  91  1E	8	S	
2,944114	349	03  64  00  1F  00  00  82  1E	8	S	
2,954143	349	03  64  00  1F  00  00  73  1E	8	S	
2,964115	349	03  64  00  1F  00  00  64  1E	8	S	
2,969155	C9	00  00  00  00  00  00  00  00	8	S	
2,969404	E9	00  00  00  00  00  00  00  00	8	S	
2,974074	A9	00  00  00  00  00	5	S	
2,974310	349	03  64  00  1F  00  00  55  1E	8	S	
2,984159	349	03  64  00  1F  00  00  46  1E	8	S	
2,989151	489	FF  03  11  46  40  01  00  3F	8	S	
2,994095	349	03  64  00  1F  00  00  37  1E	8	S	
2,994284	4E9	03  A5  02  00  00	5	S	
3,004100	349	03  64  00  1F  00  00  28  1E	8	S	
3,014159	349	03  64  00  1F  00  00  19  1E	8	S	
3,024099	349	03  64  00  1F  00  00  0A  1E	8	S	
3,034100	349	03  64  00  1F  00  00  FB  1E	8	S	
3,044154	349	03  64  00  1F  00  00  EC  1E	8	S	
3,049116	489	FF  03  11  46  40  01  00  3F	8	S	
3,054099	349	03  64  00  1F  00  00  DD  1E	8	S	
3,064099	349	03  64  00  1F  00  00  CE  1E	8	S	
3,069138	C9	00  00  00  00  00  00  00  00	8	S	
3,069386	E9	00  00  00  00  00  00  00  00	8	S	
3,074090	A9	00  00  00  00  00	5	S	
3,074328	349	03  64  00  1F  00  00  BF  1E	8	S	
3,084101	349	03  64  00  1F  00  00  A0  1E	8	S	
3,094101	349	03  64  00  1F  00  00  91  1E	8	S	
3,094285	4E9	03  B4  02  00  00	5	S	
3,104146	349	03  64  00  1F  00  00  82  1E	8	S	
3,109114	489	FF  03  11  46  40  01  00  3F	8	S	
3,114099	349	03  64  00  1F  00  00  73  1E	8	S	
3,124103	349	03  64  00  1F  00  00  64  1E	8	S	
3,134128	349	03  64  00  1F  00  00  55  1E	8	S	
3,144098	349	03  64  00  1F  00  00  46  1E	8	S	
3,154100	349	03  64  00  1F  00  00  37  1E	8	S	
3,164199	349	03  64  00  1F  00  00  28  1E	8	S	
3,169153	C9	00  00  00  00  00  00  00  00	8	S	
3,169401	E9	00  00  00  00  00  00  00  00	8	S	
3,169640	489	FF  03  11  46  40  01  00  3F	8	S	
3,174062	A9	00  00  00  00  00	5	S	
3,174300	349	03  64  00  1F  00  00  19  1E	8	S	
3,184101	349	03  64  00  1F  00  00  0A  1E	8	S	
3,194131	349	03  64  00  1F  00  00  FB  1E	8	S	
3,194315	4E9	03  C3  02  00  00	5	S	
3,204102	349	03  64  00  1F  00  00  EC  1E	8	S	
3,214102	349	03  64  00  1F  00  00  DD  1E	8	S	
3,224145	349	03  64  00  1F  00  00  CE  1E	8	S	
3,229117	489	FF  03  11  46  40  01  00  3F	8	S	
3,234102	349	03  64  00  1F  00  00  BF  1E	8	S	
3,244102	349	03  64  00  1F  00  00  A0  1E	8	S	
3,254132	349	03  64  00  1F  00  00  91  1E	8	S	
3,264103	349	03  64  00  1F  00  00  82  1E	8	S	
3,269141	C9	00  00  00  00  00  00  00  00	8	S	
3,269390	E9	00  00  00  00  00  00  00  00	8	S	
3,274066	A9	00  00  00  00  00	5	S	
3,274304	349	03  64  00  1F  00  00  73  1E	8	S	
3,284171	349	03  64  00  1F  00  00  64  1E	8	S	
3,289139	489	FF  03  11  46  40  01  00  3F	8	S	
3,294115	349	03  64  00  1F  00  00  55  1E	8	S	
3,294300	4E9	03  D2  02  00  00	5	S	
3,304124	349	03  64  00  1F  00  00  46  1E	8	S	
3,314160	349	03  64  00  1F  00  00  37  1E	8	S	
3,324117	349	03  64  00  1F  00  00  28  1E	8	S	
3,334117	349	03  64  00  1F  00  00  19  1E	8	S	
3,344164	349	03  64  00  1F  00  00  0A  1E	8	S	
3,349132	489	FF  03  11  46  40  01  00  3F	8	S	
3,354118	349	03  64  00  1F  00  00  FB  1E	8	S	
3,364121	349	03  64  00  1F  00  00  EC  1E	8	S	
3,369155	C9	00  00  00  00  00  00  00  00	8	S	
3,369403	E9	00  00  00  00  00  00  00  00	8	S	
3,374110	A9	00  00  00  00  00	5	S	
3,374348	349	03  64  00  1F  00  00  DD  1E	8	S	
3,384143	349	03  64  00  1F  00  00  CE  1E	8	S	
3,384387	789	C8  00  00  00  00  00  00  00	8	S	
3,394104	349	03  64  00  1F  00  00  BF  1E	8	S	
3,394292	4E9	03  E1  02  00  00	5	S	
3,404154	349	03  64  00  1F  00  00  A0  1E	8	S	
3,409119	489	FF  03  11  46  40  01  00  3F	8	S	
3,414103	349	03  64  00  1F  00  00  91  1E	8	S	
3,424105	349	03  64  00  1F  00  00  82  1E	8	S	
3,434134	349	03  64  00  1F  00  00  73  1E	8	S	
3,444108	349	03  64  00  1F  00  00  64  1E	8	S	
3,454103	349	03  64  00  1F  00  00  55  1E	8	S	
3,464189	349	03  64  00  1F  00  00  46  1E	8	S	
3,469155	C9	00  00  00  00  00  00  00  00	8	S	
3,469404	E9	00  00  00  00  00  00  00  00	8	S	
3,469642	489	FF  03  11  46  40  01  00  3F	8	S	
3,474066	A9	00  00  00  00  00	5	S	
3,474303	349	03  64  00  1F  00  00  37  1E	8	S	
3,484107	349	03  64  00  1F  00  00  28  1E	8	S	
3,494135	349	03  64  00  1F  00  00  19  1E	8	S	
3,494324	4E9	03  F0  02  00  00	5	S	
3,504108	349	03  64  00  1F  00  00  0A  1E	8	S	
3,514105	349	03  64  00  1F  00  00  FB  1E	8	S	
3,524159	349	03  64  00  1F  00  00  EC  1E	8	S	
3,529121	489	FF  03  11  46  40  01  00  3F	8	S	
3,534104	349	03  64  00  1F  00  00  DD  1E	8	S	
3,544106	349	03  64  00  1F  00  00  CE  1E	8	S	
3,554137	349	03  64  00  1F  00  00  BF  1E	8	S	
3,564113	349	03  64  00  1F  00  00  A0  1E	8	S	
3,569148	C9	00  00  00  00  00  00  00  00	8	S	
3,569396	E9	00  00  00  00  00  00  00  00	8	S	
3,574068	A9	00  00  00  00  00	5	S	
3,574306	349	03  64  00  1F  00  00  91  1E	8	S	
3,584151	349	03  64  00  1F  00  00  82  1E	8	S	
3,589143	489	FF  03  11  46  40  01  00  3F	8	S	
3,594106	349	03  64  00  1F  00  00  73  1E	8	S	
3,594294	4E9	03  0F  02  00  00	5	S	
3,604108	349	03  64  00  1F  00  00  64  1E	8	S	
3,614149	349	03  64  00  1F  00  00  55  1E	8	S	
3,624105	349	03  64  00  1F  00  00  46  1E	8	S	
3,634104	349	03  64  00  1F  00  00  37  1E	8	S	
3,644158	349	03  64  00  1F  00  00  28  1E	8	S	
3,649122	489	FF  03  11  46  40  01  00  3F	8	S	
3,654107	349	03  64  00  1F  00  00  19  1E	8	S	
3,664107	349	03  64  00  1F  00  00  0A  1E	8	S	
3,669146	C9	00  00  00  00  00  00  00  00	8	S	
3,669394	E9	00  00  00  00  00  00  00  00	8	S	
3,674096	A9	00  00  00  00  00	5	S	
3,674335	349	03  64  00  1F  00  00  FB  1E	8	S	
3,684111	349	03  64  00  1F  00  00  EC  1E	8	S	
3,694108	349	03  64  00  1F  00  00  DD  1E	8	S	
3,694292	4E9	03  1E  02  00  00	5	S	
3,704152	349	03  64  00  1F  00  00  CE  1E	8	S	
3,709125	489	FF  03  11  46  40  01  00  3F	8	S	
3,714107	349	03  64  00  1F  00  00  BF  1E	8	S	
3,724109	349	03  64  00  1F  00  00  A0  1E	8	S	
3,734138	349	03  64  00  1F  00  00  91  1E	8	S	
3,744108	349	03  64  00  1F  00  00  82  1E	8	S	
3,753264	7CC	FF  00  6D  65  00  27  00  00	8	S	
3,754110	349	03  64  00  1F  00  00  73  1E	8	S	
3,759117	7CE	FF  05  C0  08  08  00  10  10	8	S	
3,764201	349	03  64  00  1F  00  00  64  1E	8	S	
3,769157	C9	00  00  00  00  00  00  00  00	8	S	
3,769406	E9	00  00  00  00  00  00  00  00	8	S	
3,769644	489	FF  03  11  46  40  01  00  3F	8	S	
3,769897	7CC	FD  FF  FF  FF  00  00  00  00	8	S	
3,774068	A9	00  00  00  00  00	5	S	
3,774305	349	03  64  00  1F  00  00  55  1E	8	S	
3,779127	7CE	FF  00  00  00  00  00  00  00	8	S	
3,781229	7CC	FB  FF  FF  FF  00  00  00  00	8	S	
3,784107	349	03  64  00  1F  00  00  46  1E	8	S	
3,789152	7CE	FF  00  01  00  05  FA  01  10	8	S	
3,791270	7CC	DA  78  54  53  53  00  00  00	8	S	
3,794136	349	03  64  00  1F  00  00  37  1E	8	S	
3,794324	4E9	03  2D  02  00  00	5	S	
3,799121	7CE	FF  08  06  00  05  00  00  50	8	S	
3,801183	7CC	D7  00  00  00  42  00  00  00	8	S	
3,804111	349	03  64  00  1F  00  00  28  1E	8	S	
3,809134	7CE	FF  04  01  13  05  06  05  00	8	S	
3,811183	7CC	F5  07  72  4C  65  6E  00  00	8	S	
3,814108	349	03  64  00  1F  00  00  19  1E	8	S	
3,819106	7CE	FF  58  63  70  45  76  65  6E	8	S	
3,821168	7CC	F5  07  72  4C  65  6E  00  00	8	S	
3,824154	349	03  64  00  1F  00  00  0A  1E	8	S	
3,829127	489	FF  03  11  46  40  01  00  3F	8	S	
3,829353	7CE	FF  74  43  68  61  6E  6E  65	8	S	
3,831326	7CC	F5  05  72  4C  65  6E  00  00	8	S	
3,834109	349	03  64  00  1F  00  00  FB  1E	8	S	
3,839124	7CE	FF  6C  5F  35  6D  73  00  00	8	S	
3,841330	7CC	D7  00  00  00  00  00  00  00	8	S	
3,844124	349	03  64  00  1F  00  00  EC  1E	8	S	
3,849144	7CE	FF  04  01  13  05  06  05  00	8	S	
3,851457	7CC	F5  07  42  69  74  00  00  00	8	S	
3,854151	349	03  64  00  1F  00  00  DD  1E	8	S	
3,859117	7CE	FF  58  63  70  45  76  65  6E	8	S	
3,861370	7CC	F5  07  42  69  74  00  00  00	8	S	
3,864123	349	03  64  00  1F  00  00  CE  1E	8	S	
3,869168	C9	00  00  00  00  00  00  00  00	8	S	
3,869416	E9	00  00  00  00  00  00  00  00	8	S	
3,869642	7CE	FF  74  43  68  61  6E  6E  65	8	S	
3,871389	7CC	F5  05  42  69  74  00  00  00	8	S	
3,874083	A9	00  00  00  00  00	5	S	
3,874321	349	03  64  00  1F  00  00  BF  1E	8	S	
3,879126	7CE	FF  6C  5F  35  6D  73  00  00	8	S	
3,881370	7CC	D7  00  01  00  65  00  00  00	8	S	
3,884174	349	03  64  00  1F  00  00  A0  1E	8	S	
3,889152	489	FF  03  11  46  40  01  00  3F	8	S	
3,889394	7CE	FF  04  01  14  01  07  04  00	8	S	
3,891325	7CC	F5  07  72  69  67  73  00  00	8	S	
3,894123	349	03  64  00  1F  00  00  91  1E	8	S	
3,894307	4E9	03  3C  02  00  00	5	S	
3,899121	7CE	FF  58  63  70  45  76  65  6E	8	S	
3,901420	7CC	F5  07  72  69  67  73  00  00	8	S	
3,904126	349	03  64  00  1F  00  00  82  1E	8	S	
3,909126	7CE	FF  74  43  68  61  6E  6E  65	8	S	
3,911296	7CC	F5  06  72  69  67  73  00  00	8	S	
3,914168	349	03  64  00  1F  00  00  73  1E	8	S	
3,919127	7CE	FF  6C  5F  31  30  6D  73  00	8	S	
3,921571	7CC	D7  00  02  00  6D  65  00  00	8	S	
3,924125	349	03  64  00  1F  00  00  64  1E	8	S	
3,929145	7CE	FF  04  01  14  04  07  03  00	8	S	
3,931560	7CC	F5  07  00  00  42  00  00  00	8	S	
3,934108	349	03  64  00  1F  00  00  55  1E	8	S	
3,939122	7CE	FF  58  63  70  45  76  65  6E	8	S	
3,941476	7CC	F5  07  00  00  42  00  00  00	8	S	
3,944167	349	03  64  00  1F  00  00  46  1E	8	S	
3,949141	489	FF  03  11  46  40  01  00  3F	8	S	
3,949368	7CE	FF  74  43  68  61  6E  6E  65	8	S	
3,951446	7CC	F5  06  00  00  42  00  00  00	8	S	
3,954120	349	03  64  00  1F  00  00  37  1E	8	S	
3,959112	7CE	FF  6C  5F  34  30  6D  73  00	8	S	
3,961478	7CC	D7  00  03  00  00  27  00  00	8	S	
3,964118	349	03  64  00  1F  00  00  28  1E	8	S	
3,969149	C9	00  00  00  00  00  00  00  00	8	S	
3,969397	E9	00  00  00  00  00  00  00  00	8	S	
3,969635	7CE	FF  04  01  15  0A  07  02  00	8	S	
3,971426	7CC	F5  07  54  53  53  00  00  00	8	S	
3,974102	A9	00  00  00  00  00	5	S	
3,974340	349	03  64  00  1F  00  00  19  1E	8	S	
3,979108	7CE	FF  58  63  70  45  76  65  6E	8	S	
3,981429	7CC	F5  07  54  53  53  00  00  00	8	S	
3,984113	349	03  64  00  1F  00  00  0A  1E	8	S	
3,989127	7CE	FF  74  43  68  61  6E  6E  65	8	S	
3,991473	7CC	F5  07  54  53  53  00  00  00	8	S	
3,994109	349	03  64  00  1F  00  00  FB  1E	8	S	
3,994294	4E9	03  4B  02  00  00	5	S	
3,999114	7CE	FF  6C  5F  31  30  30  6D  73	8	S	
4,001476	7CC	D7  00  04  00  42  00  00  00	8	S	
4,004164	349	03  64  00  1F  00  00  EC  1E	8	S	
4,009130	489	FF  03  11  46  40  01  00  3F	8	S	
4,009369	7CE	FF  04  02  16  64  07  01  00	8	S	
4,011419	7CC	F5  07  43  79  63  6C  65  00	8	S	
4,014112	349	03  64  00  1F  00  00  DD  1E	8	S	
4,019108	7CE	FF  58  63  70  45  76  65  6E	8	S	
4,021414	7CC	F5  07  43  79  63  6C  65  00	8	S	
4,024110	349	03  64  00  1F  00  00  CE  1E	8	S	
4,029116	7CE	FF  74  43  68  61  6E  6E  65	8	S	
4,031661	7CC	F5  07  43  79  63  6C  65  00	8	S	
4,034142	349	03  64  00  1F  00  00  BF  1E	8	S	
4,039129	7CE	FF  6C  5F  31  30  30  30  6D	8	S	
4,041673	7CC	F5  01  43  79  63  6C  65  00	8	S	
4,044127	349	03  64  00  1F  00  00  A0  1E	8	S	
4,049152	7CE	FF  73  00  00  00  00  00  00	8	S	
4,051880	7CC	D9  FF  FF  FF  00  00  00  00	8	S	
4,054126	349	03  64  00  1F  00  00  91  1E	8	S	
4,059130	7CE	FF  01  01  01  01  68  0A  00	8	S	
4,061825	7CC	E9  FF  FF  FF  00  00  00  00	8	S	
4,064211	349	03  64  00  1F  00  00  82  1E	8	S	
4,069179	C9	00  00  00  00  00  00  00  00	8	S	
4,069427	E9	00  00  00  00  00  00  00  00	8	S	
4,069666	489	FF  03  11  46  40  01  00  3F	8	S	
4,069912	7CE	FF  01  00  00  00  00  00  00	8	S	
4,074028	7CC	E8  00  00  00  00  6C  65  00	8	S	
4,074220	A9	00  00  00  00  00	5	S	
4,074459	349	03  64  00  1F  00  00  73  1E	8	S	
4,084129	349	03  64  00  1F  00  00  64  1E	8	S	
4,084373	7CE	FF  00  00  00  00  00  1C  80	8	S	
4,088066	7CC	E8  00  00  01  00  6C  65  00	8	S	
4,094156	349	03  64  00  1F  00  00  55  1E	8	S	
4,094340	4E9	03  5A  02  00  00	5	S	
4,094586	7CE	FF  00  00  00  FF  FF  03  00	8	S	
4,098114	7CC	E8  01  00  01  00  6C  65  00	8	S	
4,104128	349	03  64  00  1F  00  00  46  1E	8	S	
4,104377	7CE	FF  01  00  01  00  00  00  00	8	S	
4,107265	7CC	E7  00  00  00  65  00  00  00	8	S	
4,114125	349	03  64  00  1F  00  00  37  1E	8	S	
4,114374	7CE	FF  3F  00  00  00  00  00  00	8	S	
4,117304	7CC	CE  FF  FF  FF  00  00  00  00	8	S	
4,124180	349	03  64  00  1F  00  00  28  1E	8	S	
4,124426	7CE	FE  33  00  00  00  00  00  00	8	S	
4,127429	7CC	E3  00  00  00  00  02  00  00	8	S	
4,129128	489	FF  03  11  46  40  01  00  3F	8	S	
4,134113	349	03  64  00  1F  00  00  19  1E	8	S	
4,134363	7CE	FF  00  00  00  00  00  00  00	8	S	
4,137509	7CC	E2  00  00  00  00  00  00  00	8	S	
4,144114	349	03  64  00  1F  00  00  0A  1E	8	S	
4,144364	7CE	FF  00  00  00  00  00  00  00	8	S	
4,147680	7CC	E1  FF  01  00  70  AC  00  50	8	S	
4,154144	349	03  64  00  1F  00  00  FB  1E	8	S	
4,154395	7CE	FF  00  00  00  00  00  00  00	8	S	
4,157717	7CC	E1  FF  01  00  71  AC  00  50	8	S	
4,164117	349	03  64  00  1F  00  00  EC  1E	8	S	
4,164367	7CE	FF  00  00  00  00  00  00  00	8	S	
4,166838	7CC	E1  FF  01  00  72  AC  00  50	8	S	
4,169154	C9	00  00  00  00  00  00  00  00	8	S	
4,169402	E9	00  00  00  00  00  00  00  00	8	S	
4,174074	A9	00  00  00  00  00	5	S	
4,174313	349	03  64  00  1F  00  00  DD  1E	8	S	
4,174563	7CE	FF  00  00  00  00  00  00  00	8	S	
4,176857	7CC	E1  FF  01  00  73  AC  00  50	8	S	
4,184159	349	03  64  00  1F  00  00  CE  1E	8	S	
4,184410	7CE	FF  00  00  00  00  00  00  00	8	S	
4,186834	7CC	E0  00  00  00  00  00  01  00	8	S	
4,189138	489	FF  03  11  46  40  01  00  3F	8	S	
4,194112	349	03  64  00  1F  00  00  BF  1E	8	S	
4,194296	4E9	03  69  02  00  00	5	S	
4,194547	7CE	FF  00  00  00  00  00  00  00	8	S	
4,196921	7CC	DE  02  00  00  00  27  00  00	8	S	
4,204115	349	03  64  00  1F  00  00  A0  1E	8	S	
4,204365	7CE	FF  00  00  00  00  00  00  00	8	S	
4,214160	349	03  64  00  1F  00  00  91  1E	8	S	
4,224114	349	03  64  00  1F  00  00  82  1E	8	S	
4,234117	349	03  64  00  1F  00  00  73  1E	8	S	
4,244167	349	03  64  00  1F  00  00  64  1E	8	S	
4,249130	489	FF  03  11  46  40  01  00  3F	8	S	
4,252012	7CC	FE  36  4E  33  23  02  00  00	8	S	
4,254112	349	03  64  00  1F  00  00  55  1E	8	S	
4,259132	7CE	FF  00  00  00  00  00  00  00	8	S	
4,264114	349	03  64  00  1F  00  00  46  1E	8	S	
4,269153	C9	00  00  00  00  00  00  00  00	8	S	
4,269401	E9	00  00  00  00  00  00  00  00	8	S	
4,274106	A9	00  00  00  00  00	5	S	
4,274342	349	03  64  00  1F  00  00  37  1E	8	S	
4,284116	349	03  64  00  1F  00  00  28  1E	8	S	
4,294117	349	03  64  00  1F  00  00  19  1E	8	S	
4,294305	4E9	03  78  02  00  00	5	S	
4,304162	349	03  64  00  1F  00  00  0A  1E	8	S	
4,309130	489	FF  03  11  46  40  01  00  3F	8	S	
4,314116	349	03  64  00  1F  00  00  FB  1E	8	S	
4,324119	349	03  64  00  1F  00  00  EC  1E	8	S	
4,334145	349	03  64  00  1F  00  00  DD  1E	8	S	
4,344118	349	03  64  00  1F  00  00  CE  1E	8	S	
4,354116	349	03  64  00  1F  00  00  BF  1E	8	S	
4,364224	349	03  64  00  1F  00  00  A0  1E	8	S	
4,369169	C9	00  00  00  00  00  00  00  00	8	S	
4,369417	E9	00  00  00  00  00  00  00  00	8	S	
4,369655	489	FF  03  11  46  40  01  00  3F	8	S	
4,374078	A9	00  00  00  00  00	5	S	
4,374316	349	03  64  00  1F  00  00  91  1E	8	S	
4,384139	349	03  64  00  1F  00  00  82  1E	8	S	
4,384383	789	C8  00  00  00  00  00  00  00	8	S	
4,394147	349	03  64  00  1F  00  00  73  1E	8	S	
4,394333	4E9	03  87  02  00  00	5	S	
4,404120	349	03  64  00  1F  00  00  64  1E	8	S	
4,414116	349	03  64  00  1F  00  00  55  1E	8	S	
4,424159	349	03  64  00  1F  00  00  46  1E	8	S	
4,429133	489	FF  03  11  46  40  01  00  3F	8	S	
4,434115	349	03  64  00  1F  00  00  37  1E	8	S	
4,444118	349	03  64  00  1F  00  00  28  1E	8	S	
4,454148	349	03  64  00  1F  00  00  19  1E	8	S	
4,464119	349	03  64  00  1F  00  00  0A  1E	8	S	
4,469155	C9	00  00  00  00  00  00  00  00	8	S	
4,469403	E9	00  00  00  00  00  00  00  00	8	S	
4,474078	A9	00  00  00  00  00	5	S	
4,474316	349	03  64  00  1F  00  00  FB  1E	8	S	
4,484169	349	03  64  00  1F  00  00  EC  1E	8	S	
4,489145	489	FF  03  11  46  40  01  00  3F	8	S	
4,494119	349	03  64  00  1F  00  00  DD  1E	8	S	
4,494304	4E9	03  96  02  00  00	5	S	
4,504120	349	03  64  00  1F  00  00  CE  1E	8	S	
4,514163	349	03  64  00  1F  00  00  BF  1E	8	S	
4,524119	349	03  64  00  1F  00  00  A0  1E	8	S	
4,534119	349	03  64  00  1F  00  00  91  1E	8	S	
4,544164	349	03  64  00  1F  00  00  82  1E	8	S	
4,549134	489	FF  03  11  46  40  01  00  3F	8	S	
4,554118	349	03  64  00  1F  00  00  73  1E	8	S	
4,564123	349	03  64  00  1F  00  00  64  1E	8	S	
4,569155	C9	00  00  00  00  00  00  00  00	8	S	
4,569404	E9	00  00  00  00  00  00  00  00	8	S	
4,574110	A9	00  00  00  00  00	5	S	
4,574346	349	03  64  00  1F  00  00  55  1E	8	S	
4,584118	349	03  64  00  1F  00  00  46  1E	8	S	
4,594117	349	03  64  00  1F  00  00  37  1E	8	S	
4,594306	4E9	03  A5  02  00  00	5	S	
4,604170	349	03  64  00  1F  00  00  28  1E	8	S	
4,609140	489	FF  03  11  46  40  01  00  3F	8	S	
4,614120	349	03  64  00  1F  00  00  19  1E	8	S	
4,624119	349	03  64  00  1F  00  00  0A  1E	8	S	
4,634147	349	03  64  00  1F  00  00  FB  1E	8	S	
4,644122	349	03  64  00  1F  00  00  EC  1E	8	S	
4,654120	349	03  64  00  1F  00  00  DD  1E	8	S	
4,664205	349	03  64  00  1F  00  00  CE  1E	8	S	
4,669171	C9	00  00  00  00  00  00  00  00	8	S	
4,669419	E9	00  00  00  00  00  00  00  00	8	S	
4,669658	489	FF  03  11  46  40  01  00  3F	8	S	
4,674080	A9	00  00  00  00  00	5	S	
4,674318	349	03  64  00  1F  00  00  BF  1E	8	S	
4,684119	349	03  64  00  1F  00  00  A0  1E	8	S	
4,694149	349	03  64  00  1F  00  00  91  1E	8	S	
4,694334	4E9	03  B4  02  00  00	5	S	
4,704122	349	03  64  00  1F  00  00  82  1E	8	S	
4,714120	349	03  64  00  1F  00  00  73  1E	8	S	
4,724173	349	03  64  00  1F  00  00  64  1E	8	S	
4,729137	489	FF  03  11  46  40  01  00  3F	8	S	
4,734119	349	03  64  00  1F  00  00  55  1E	8	S	
4,744118	349	03  64  00  1F  00  00  46  1E	8	S	
4,754148	349	03  64  00  1F  00  00  37  1E	8	S	
4,764139	349	03  64  00  1F  00  00  28  1E	8	S	
4,769177	C9	00  00  00  00  00  00  00  00	8	S	
4,769425	E9	00  00  00  00  00  00  00  00	8	S	
4,774096	A9	00  00  00  00  00	5	S	
4,774334	349	03  64  00  1F  00  00  19  1E	8	S	
4,784181	349	03  64  00  1F  00  00  0A  1E	8	S	
4,789167	489	FF  03  11  46  40  01  00  3F	8	S	
4,794135	349	03  64  00  1F  00  00  FB  1E	8	S	
4,794320	4E9	03  C3  02  00  00	5	S	
4,804138	349	03  64  00  1F  00  00  EC  1E	8	S	
4,814180	349	03  64  00  1F  00  00  DD  1E	8	S	
4,824137	349	03  64  00  1F  00  00  CE  1E	8	S	
4,834121	349	03  64  00  1F  00  00  BF  1E	8	S	
4,844172	349	03  64  00  1F  00  00  A0  1E	8	S	
4,849138	489	FF  03  11  46  40  01  00  3F	8	S	
4,854125	349	03  64  00  1F  00  00  91  1E	8	S	
4,864131	349	03  64  00  1F  00  00  82  1E	8	S	
4,869175	C9	00  00  00  00  00  00  00  00	8	S	
4,869423	E9	00  00  00  00  00  00  00  00	8	S	
4,874136	A9	00  00  00  00  00	5	S	
4,874374	349	03  64  00  1F  00  00  73  1E	8	S	
4,884140	349	03  64  00  1F  00  00  64  1E	8	S	
4,894137	349	03  64  00  1F  00  00  55  1E	8	S	
4,894321	4E9	03  D2  02  00  00	5	S	
4,904181	349	03  64  00  1F  00  00  46  1E	8	S	
4,909152	489	FF  03  11  46  40  01  00  3F	8	S	
4,914136	349	03  64  00  1F  00  00  37  1E	8	S	
4,924139	349	03  64  00  1F  00  00  28  1E	8	S	
4,934169	349	03  64  00  1F  00  00  19  1E	8	S	
4,944124	349	03  64  00  1F  00  00  0A  1E	8	S	
4,954124	349	03  64  00  1F  00  00  FB  1E	8	S	
4,964217	349	03  64  00  1F  00  00  EC  1E	8	S	
4,969175	C9	00  00  00  00  00  00  00  00	8	S	
4,969423	E9	00  00  00  00  00  00  00  00	8	S	
4,969662	489	FF  03  11  46  40  01  00  3F	8	S	
4,974084	A9	00  00  00  00  00	5	S	
4,974322	349	03  64  00  1F  00  00  DD  1E	8	S	
4,984127	349	03  64  00  1F  00  00  CE  1E	8	S	
4,994157	349	03  64  00  1F  00  00  BF  1E	8	S	
4,994345	4E9	03  E1  02  00  00	5	S	
5,004126	349	03  64  00  1F  00  00  A0  1E	8	S	
5,014124	349	03  64  00  1F  00  00  91  1E	8	S	
5,024171	349	03  64  00  1F  00  00  82  1E	8	S	
5,029141	489	FF  03  11  46  40  01  00  3F	8	S	
5,034125	349	03  64  00  1F  00  00  73  1E	8	S	
5,044128	349	03  64  00  1F  00  00  64  1E	8	S	
5,054154	349	03  64  00  1F  00  00  55  1E	8	S	
5,064125	349	03  64  00  1F  00  00  46  1E	8	S	
5,069163	C9	00  00  00  00  00  00  00  00	8	S	
5,069411	E9	00  00  00  00  00  00  00  00	8	S	
5,074088	A9	00  00  00  00  00	5	S	
5,074324	349	03  64  00  1F  00  00  37  1E	8	S	
5,084178	349	03  64  00  1F  00  00  28  1E	8	S	
5,089155	489	FF  03  11  46  40  01  00  3F	8	S	
5,094127	349	03  64  00  1F  00  00  19  1E	8	S	
5,094316	4E9	03  F0  02  00  00	5	S	
5,104128	349	03  64  00  1F  00  00  0A  1E	8	S	
5,114170	349	03  64  00  1F  00  00  FB  1E	8	S	
5,124131	349	03  64  00  1F  00  00  EC  1E	8	S	
5,134127	349	03  64  00  1F  00  00  DD  1E	8	S	
5,144172	349	03  64  00  1F  00  00  CE  1E	8	S	
5,149144	489	FF  03  11  46  40  01  00  3F	8	S	
5,154128	349	03  64  00  1F  00  00  BF  1E	8	S	
5,164133	349	03  64  00  1F  00  00  A0  1E	8	S	
5,169165	C9	00  00  00  00  00  00  00  00	8	S	
5,169414	E9	00  00  00  00  00  00  00  00	8	S	
5,174118	A9	00  00  00  00  00	5	S	
5,174356	349	03  64  00  1F  00  00  91  1E	8	S	
5,184128	349	03  64  00  1F  00  00  82  1E	8	S	
5,194127	349	03  64  00  1F  00  00  73  1E	8	S	
5,194315	4E9	03  0F  02  00  00	5	S	
5,204180	349	03  64  00  1F  00  00  64  1E	8	S	
5,209142	489	FF  03  11  46  40  01  00  3F	8	S	
5,214127	349	03  64  00  1F  00  00  55  1E	8	S	
5,224125	349	03  64  00  1F  00  00  46  1E	8	S	
5,234157	349	03  64  00  1F  00  00  37  1E	8	S	
5,244126	349	03  64  00  1F  00  00  28  1E	8	S	
5,254128	349	03  64  00  1F  00  00  19  1E	8	S	
5,264215	349	03  64  00  1F  00  00  0A  1E	8	S	
5,269179	C9	00  00  00  00  00  00  00  00	8	S	
5,269427	E9	00  00  00  00  00  00  00  00	8	S	
5,269666	489	FF  03  11  46  40  01  00  3F	8	S	
5,274090	A9	00  00  00  00  00	5	S	
5,274328	349	03  64  00  1F  00  00  FB  1E	8	S	
5,284131	349	03  64  00  1F  00  00  EC  1E	8	S	
5,294159	349	03  64  00  1F  00  00  DD  1E	8	S	
5,294343	4E9	03  1E  02  00  00	5	S	
5,304128	349	03  64  00  1F  00  00  CE  1E	8	S	
5,314130	349	03  64  00  1F  00  00  BF  1E	8	S	
5,324179	349	03  64  00  1F  00  00  A0  1E	8	S	
5,329143	489	FF  03  11  46  40  01  00  3F	8	S	
5,334127	349	03  64  00  1F  00  00  91  1E	8	S	
5,344128	349	03  64  00  1F  00  00  82  1E	8	S	
5,354158	349	03  64  00  1F  00  00  73  1E	8	S	
5,364130	349	03  64  00  1F  00  00  64  1E	8	S	
5,369171	C9	00  00  00  00  00  00  00  00	8	S	
5,369419	E9	00  00  00  00  00  00  00  00	8	S	
5,374090	A9	00  00  00  00  00	5	S	
5,374326	349	03  64  00  1F  00  00  55  1E	8	S	
5,384194	349	03  64  00  1F  00  00  46  1E	8	S	
5,384439	789	C8  00  00  00  00  00  00  00	8	S	
5,389169	489	FF  03  11  46  40  01  00  3F	8	S	
5,394127	349	03  64  00  1F  00  00  37  1E	8	S	
5,394316	4E9	03  2D  02  00  00	5	S	
5,404130	349	03  64  00  1F  00  00  28  1E	8	S	
5,414176	349	03  64  00  1F  00  00  19  1E	8	S	
5,424131	349	03  64  00  1F  00  00  0A  1E	8	S	
5,434129	349	03  64  00  1F  00  00  FB  1E	8	S	
5,444184	349	03  64  00  1F  00  00  EC  1E	8	S	
5,449146	489	FF  03  11  46  40  01  00  3F	8	S	
5,454131	349	03  64  00  1F  00  00  DD  1E	8	S	
5,464131	349	03  64  00  1F  00  00  CE  1E	8	S	
5,469170	C9	00  00  00  00  00  00  00  00	8	S	
5,469418	E9	00  00  00  00  00  00  00  00	8	S	
5,474120	A9	00  00  00  00  00	5	S	
5,474358	349	03  64  00  1F  00  00  BF  1E	8	S	
5,484143	349	03  64  00  1F  00  00  A0  1E	8	S	
5,494141	349	03  64  00  1F  00  00  91  1E	8	S	
5,494326	4E9	03  3C  02  00  00	5	S	
5,504190	349	03  64  00  1F  00  00  82  1E	8	S	
5,509162	489	FF  03  11  46  40  01  00  3F	8	S	
5,514143	349	03  64  00  1F  00  00  73  1E	8	S	
5,524145	349	03  64  00  1F  00  00  64  1E	8	S	
5,534160	349	03  64  00  1F  00  00  55  1E	8	S	
5,544132	349	03  64  00  1F  00  00  46  1E	8	S	
5,554131	349	03  64  00  1F  00  00  37  1E	8	S	
5,564229	349	03  64  00  1F  00  00  28  1E	8	S	
5,569183	C9	00  00  00  00  00  00  00  00	8	S	
5,569431	E9	00  00  00  00  00  00  00  00	8	S	
5,569670	489	FF  03  11  46  40  01  00  3F	8	S	
5,574094	A9	00  00  00  00  00	5	S	
5,574332	349	03  64  00  1F  00  00  19  1E	8	S	
5,584133	349	03  64  00  1F  00  00  0A  1E	8	S	
5,594162	349	03  64  00  1F  00  00  FB  1E	8	S	
5,594346	4E9	03  4B  02  00  00	5	S	
5,604134	349	03  64  00  1F  00  00  EC  1E	8	S	
5,614132	349	03  64  00  1F  00  00  DD  1E	8	S	
5,624177	349	03  64  00  1F  00  00  CE  1E	8	S	
5,629149	489	FF  03  11  46  40  01  00  3F	8	S	
5,634131	349	03  64  00  1F  00  00  BF  1E	8	S	
5,644132	349	03  64  00  1F  00  00  A0  1E	8	S	
5,654179	349	03  64  00  1F  00  00  91  1E	8	S	
5,664149	349	03  64  00  1F  00  00  82  1E	8	S	
5,669171	C9	00  00  00  00  00  00  00  00	8	S	
5,669419	E9	00  00  00  00  00  00  00  00	8	S	
5,674110	A9	00  00  00  00  00	5	S	
5,674348	349	03  64  00  1F  00  00  73  1E	8	S	
5,684203	349	03  64  00  1F  00  00  64  1E	8	S	
5,689175	489	FF  03  11  46  40  01  00  3F	8	S	
5,694145	349	03  64  00  1F  00  00  55  1E	8	S	
5,694330	4E9	03  5A  02  00  00	5	S	
5,704158	349	03  64  00  1F  00  00  46  1E	8	S	
5,714192	349	03  64  00  1F  00  00  37  1E	8	S	
5,724149	349	03  64  00  1F  00  00  28  1E	8	S	
5,734135	349	03  64  00  1F  00  00  19  1E	8	S	
5,744194	349	03  64  00  1F  00  00  0A  1E	8	S	
5,749164	489	FF  03  11  46  40  01  00  3F	8	S	
5,754148	349	03  64  00  1F  00  00  FB  1E	8	S	
5,764151	349	03  64  00  1F  00  00  EC  1E	8	S	
5,769173	C9	00  00  00  00  00  00  00  00	8	S	
5,769422	E9	00  00  00  00  00  00  00  00	8	S	
5,774124	A9	00  00  00  00  00	5	S	
5,774362	349	03  64  00  1F  00  00  DD  1E	8	S	
5,784137	349	03  64  00  1F  00  00  CE  1E	8	S	
5,794135	349	03  64  00  1F  00  00  BF  1E	8	S	
5,794319	4E9	03  69  02  00  00	5	S	
5,804188	349	03  64  00  1F  00  00  A0  1E	8	S	
5,809152	489	FF  03  11  46  40  01  00  3F	8	S	
5,814137	349	03  64  00  1F  00  00  91  1E	8	S	
5,824137	349	03  64  00  1F  00  00  82  1E	8	S	
5,834166	349	03  64  00  1F  00  00  73  1E	8	S	
5,844140	349	03  64  00  1F  00  00  64  1E	8	S	
5,854135	349	03  64  00  1F  00  00  55  1E	8	S	
5,864219	349	03  64  00  1F  00  00  46  1E	8	S	
5,869185	C9	00  00  00  00  00  00  00  00	8	S	
5,869433	E9	00  00  00  00  00  00  00  00	8	S	
5,869672	489	FF  03  11  46  40  01  00  3F	8	S	
5,874096	A9	00  00  00  00  00	5	S	
5,874332	349	03  64  00  1F  00  00  37  1E	8	S	
5,884139	349	03  64  00  1F  00  00  28  1E	8	S	
5,894165	349	03  64  00  1F  00  00  19  1E	8	S	
5,894353	4E9	03  78  02  00  00	5	S	
5,904138	349	03  64  00  1F  00  00  0A  1E	8	S	
5,914136	349	03  64  00  1F  00  00  FB  1E	8	S	
5,924189	349	03  64  00  1F  00  00  EC  1E	8	S	
5,929153	489	FF  03  11  46  40  01  00  3F	8	S	
5,934135	349	03  64  00  1F  00  00  DD  1E	8	S	
5,944136	349	03  64  00  1F  00  00  CE  1E	8	S	
5,954166	349	03  64  00  1F  00  00  BF  1E	8	S	
5,964143	349	03  64  00  1F  00  00  A0  1E	8	S	
5,969179	C9	00  00  00  00  00  00  00  00	8	S	
5,969428	E9	00  00  00  00  00  00  00  00	8	S	
5,974098	A9	00  00  00  00  00	5	S	
5,974336	349	03  64  00  1F  00  00  91  1E	8	S	
5,984182	349	03  64  00  1F  00  00  82  1E	8	S	
5,989165	489	FF  03  11  46  40  01  00  3F	8	S	
5,994135	349	03  64  00  1F  00  00  73  1E	8	S	
5,994322	4E9	03  87  02  00  00	5	S	
6,004138	349	03  64  00  1F  00  00  64  1E	8	S	
6,014178	349	03  64  00  1F  00  00  55  1E	8	S	
6,024135	349	03  64  00  1F  00  00  46  1E	8	S	
6,034135	349	03  64  00  1F  00  00  37  1E	8	S	
6,044190	349	03  64  00  1F  00  00  28  1E	8	S	
6,049154	489	FF  03  11  46  40  01  00  3F	8	S	
6,054139	349	03  64  00  1F  00  00  19  1E	8	S	
6,064137	349	03  64  00  1F  00  00  0A  1E	8	S	
6,069177	C9	00  00  00  00  00  00  00  00	8	S	
6,069426	E9	00  00  00  00  00  00  00  00	8	S	
6,074128	A9	00  00  00  00  00	5	S	
6,074366	349	03  64  00  1F  00  00  FB  1E	8	S	
6,084141	349	03  64  00  1F  00  00  EC  1E	8	S	
6,094137	349	03  64  00  1F  00  00  DD  1E	8	S	
6,094321	4E9	03  96  02  00  00	5	S	
6,104184	349	03  64  00  1F  00  00  CE  1E	8	S	
6,109152	489	FF  03  11  46  40  01  00  3F	8	S	
6,114139	349	03  64  00  1F  00  00  BF  1E	8	S	
6,124139	349	03  64  00  1F  00  00  A0  1E	8	S	
6,134170	349	03  64  00  1F  00  00  91  1E	8	S	
6,144140	349	03  64  00  1F  00  00  82  1E	8	S	
6,154138	349	03  64  00  1F  00  00  73  1E	8	S	
6,164233	349	03  64  00  1F  00  00  64  1E	8	S	
6,169191	C9	00  00  00  00  00  00  00  00	8	S	
6,169439	E9	00  00  00  00  00  00  00  00	8	S	
6,169678	489	FF  03  11  46  40  01  00  3F	8	S	
6,174100	A9	00  00  00  00  00	5	S	
6,174336	349	03  64  00  1F  00  00  55  1E	8	S	
6,184139	349	03  64  00  1F  00  00  46  1E	8	S	
6,194167	349	03  64  00  1F  00  00  37  1E	8	S	
6,194355	4E9	03  A5  02  00  00	5	S	
6,204140	349	03  64  00  1F  00  00  28  1E	8	S	
6,214144	349	03  64  00  1F  00  00  19  1E	8	S	
6,224201	349	03  64  00  1F  00  00  0A  1E	8	S	
6,229173	489	FF  03  11  46  40  01  00  3F	8	S	
6,234141	349	03  64  00  1F  00  00  FB  1E	8	S	
6,244142	349	03  64  00  1F  00  00  EC  1E	8	S	
6,254184	349	03  64  00  1F  00  00  DD  1E	8	S	
6,264157	349	03  64  00  1F  00  00  CE  1E	8	S	
6,269193	C9	00  00  00  00  00  00  00  00	8	S	
6,269442	E9	00  00  00  00  00  00  00  00	8	S	
6,274116	A9	00  00  00  00  00	5	S	
6,274354	349	03  64  00  1F  00  00  BF  1E	8	S	
6,284206	349	03  64  00  1F  00  00  A0  1E	8	S	
6,289177	489	FF  03  11  46  40  01  00  3F	8	S	
6,294155	349	03  64  00  1F  00  00  91  1E	8	S	
6,294340	4E9	03  B4  02  00  00	5	S	
6,304154	349	03  64  00  1F  00  00  82  1E	8	S	
6,314198	349	03  64  00  1F  00  00  73  1E	8	S	
6,324157	349	03  64  00  1F  00  00  64  1E	8	S	
6,334153	349	03  64  00  1F  00  00  55  1E	8	S	
6,344198	349	03  64  00  1F  00  00  46  1E	8	S	
6,349180	489	FF  03  11  46  40  01  00  3F	8	S	
6,354153	349	03  64  00  1F  00  00  37  1E	8	S	
6,364161	349	03  64  00  1F  00  00  28  1E	8	S	
6,369195	C9	00  00  00  00  00  00  00  00	8	S	
6,369443	E9	00  00  00  00  00  00  00  00	8	S	
6,374146	A9	00  00  00  00  00	5	S	
6,374384	349	03  64  00  1F  00  00  19  1E	8	S	
6,384177	349	03  64  00  1F  00  00  0A  1E	8	S	
6,384421	789	C8  00  00  00  00  00  00  00	8	S	
6,394156	349	03  64  00  1F  00  00  FB  1E	8	S	
6,394340	4E9	03  C3  02  00  00	5	S	
6,404208	349	03  64  00  1F  00  00  EC  1E	8	S	
6,409174	489	FF  03  11  46  40  01  00  3F	8	S	
6,414157	349	03  64  00  1F  00  00  DD  1E	8	S	
6,424155	349	03  64  00  1F  00  00  CE  1E	8	S	
6,434172	349	03  64  00  1F  00  00  BF  1E	8	S	
6,444142	349	03  64  00  1F  00  00  A0  1E	8	S	
6,454143	349	03  64  00  1F  00  00  91  1E	8	S	
6,464227	349	03  64  00  1F  00  00  82  1E	8	S	
6,469193	C9	00  00  00  00  00  00  00  00	8	S	
6,469441	E9	00  00  00  00  00  00  00  00	8	S	
6,469680	489	FF  03  11  46  40  01  00  3F	8	S	
6,474104	A9	00  00  00  00  00	5	S	
6,474343	349	03  64  00  1F  00  00  73  1E	8	S	
6,484145	349	03  64  00  1F  00  00  64  1E	8	S	
6,494172	349	03  64  00  1F  00  00  55  1E	8	S	
6,494356	4E9	03  D2  02  00  00	5	S	
6,504142	349	03  64  00  1F  00  00  46  1E	8	S	
6,514141	349	03  64  00  1F  00  00  37  1E	8	S	
6,524195	349	03  64  00  1F  00  00  28  1E	8	S	
6,529160	489	FF  03  11  46  40  01  00  3F	8	S	
6,534144	349	03  64  00  1F  00  00  19  1E	8	S	
6,544146	349	03  64  00  1F  00  00  0A  1E	8	S	
6,554175	349	03  64  00  1F  00  00  FB  1E	8	S	
6,564147	349	03  64  00  1F  00  00  EC  1E	8	S	
6,569185	C9	00  00  00  00  00  00  00  00	8	S	
6,569434	E9	00  00  00  00  00  00  00  00	8	S	
6,574120	A9	00  00  00  00  00	5	S	
6,574358	349	03  64  00  1F  00  00  DD  1E	8	S	
6,584205	349	03  64  00  1F  00  00  CE  1E	8	S	
6,589179	489	FF  03  11  46  40  01  00  3F	8	S	
6,594160	349	03  64  00  1F  00  00  BF  1E	8	S	
6,594348	4E9	03  E1  02  00  00	5	S	
6,604160	349	03  64  00  1F  00  00  A0  1E	8	S	
6,614205	349	03  64  00  1F  00  00  91  1E	8	S	
6,624161	349	03  64  00  1F  00  00  82  1E	8	S	
6,634148	349	03  64  00  1F  00  00  73  1E	8	S	
6,644198	349	03  64  00  1F  00  00  64  1E	8	S	
6,649162	489	FF  03  11  46  40  01  00  3F	8	S	
6,654145	349	03  64  00  1F  00  00  55  1E	8	S	
6,664145	349	03  64  00  1F  00  00  46  1E	8	S	
6,669186	C9	00  00  00  00  00  00  00  00	8	S	
6,669434	E9	00  00  00  00  00  00  00  00	8	S	
6,674136	A9	00  00  00  00  00	5	S	
6,674373	349	03  64  00  1F  00  00  37  1E	8	S	
6,684149	349	03  64  00  1F  00  00  28  1E	8	S	
6,694147	349	03  64  00  1F  00  00  19  1E	8	S	
6,694335	4E9	03  F0  02  00  00	5	S	
6,704192	349	03  64  00  1F  00  00  0A  1E	8	S	
6,709163	489	FF  03  11  46  40  01  00  3F	8	S	
6,714145	349	03  64  00  1F  00  00  FB  1E	8	S	
6,724149	349	03  64  00  1F  00  00  EC  1E	8	S	
6,734178	349	03  64  00  1F  00  00  DD  1E	8	S	
6,744146	349	03  64  00  1F  00  00  CE  1E	8	S	
6,754147	349	03  64  00  1F  00  00  BF  1E	8	S	
6,764245	349	03  64  00  1F  00  00  A0  1E	8	S	
6,769199	C9	00  00  00  00  00  00  00  00	8	S	
6,769448	E9	00  00  00  00  00  00  00  00	8	S	
6,769686	489	FF  03  11  46  40  01  00  3F	8	S	
6,774108	A9	00  00  00  00  00	5	S	
6,774346	349	03  64  00  1F  00  00  91  1E	8	S	
6,784149	349	03  64  00  1F  00  00  82  1E	8	S	
6,794178	349	03  64  00  1F  00  00  73  1E	8	S	
6,794366	4E9	03  0F  02  00  00	5	S	
6,804150	349	03  64  00  1F  00  00  64  1E	8	S	
6,814147	349	03  64  00  1F  00  00  55  1E	8	S	
6,824191	349	03  64  00  1F  00  00  46  1E	8	S	
6,829164	489	FF  03  11  46  40  01  00  3F	8	S	
6,834146	349	03  64  00  1F  00  00  37  1E	8	S	
6,844148	349	03  64  00  1F  00  00  28  1E	8	S	
6,854179	349	03  64  00  1F  00  00  19  1E	8	S	
6,864149	349	03  64  00  1F  00  00  0A  1E	8	S	
6,869187	C9	00  00  00  00  00  00  00  00	8	S	
6,869436	E9	00  00  00  00  00  00  00  00	8	S	
6,874108	A9	00  00  00  00  00	5	S	
6,874346	349	03  64  00  1F  00  00  FB  1E	8	S	
6,884203	349	03  64  00  1F  00  00  EC  1E	8	S	
6,889169	489	FF  03  11  46  40  01  00  3F	8	S	
6,894149	349	03  64  00  1F  00  00  DD  1E	8	S	
6,894334	4E9	03  1E  02  00  00	5	S	
6,904148	349	03  64  00  1F  00  00  CE  1E	8	S	
6,914193	349	03  64  00  1F  00  00  BF  1E	8	S	
6,924149	349	03  64  00  1F  00  00  A0  1E	8	S	
6,934150	349	03  64  00  1F  00  00  91  1E	8	S	
6,944194	349	03  64  00  1F  00  00  82  1E	8	S	
6,949166	489	FF  03  11  46  40  01  00  3F	8	S	
6,954149	349	03  64  00  1F  00  00  73  1E	8	S	
6,964153	349	03  64  00  1F  00  00  64  1E	8	S	
6,969190	C9	00  00  00  00  00  00  00  00	8	S	
6,969438	E9	00  00  00  00  00  00  00  00	8	S	
6,974140	A9	00  00  00  00  00	5	S	
6,974377	349	03  64  00  1F  00  00  55  1E	8	S	
6,984149	349	03  64  00  1F  00  00  46  1E	8	S	
6,994149	349	03  64  00  1F  00  00  37  1E	8	S	
6,994338	4E9	03  2D  02  00  00	5	S	
7,004202	349	03  64  00  1F  00  00  28  1E	8	S	
7,009164	489	FF  03  11  46  40  01  00  3F	8	S	
7,014151	349	03  64  00  1F  00  00  19  1E	8	S	
7,024149	349	03  64  00  1F  00  00  0A  1E	8	S	
7,034180	349	03  64  00  1F  00  00  FB  1E	8	S	
7,044152	349	03  64  00  1F  00  00  EC  1E	8	S	
7,054151	349	03  64  00  1F  00  00  DD  1E	8	S	
7,064235	349	03  64  00  1F  00  00  CE  1E	8	S	
7,069203	C9	00  00  00  00  00  00  00  00	8	S	
7,069452	E9	00  00  00  00  00  00  00  00	8	S	
7,069690	489	FF  03  11  46  40  01  00  3F	8	S	
7,074111	A9	00  00  00  00  00	5	S	
7,074348	349	03  64  00  1F  00  00  BF  1E	8	S	
7,084151	349	03  64  00  1F  00  00  A0  1E	8	S	
7,094182	349	03  64  00  1F  00  00  91  1E	8	S	
7,094366	4E9	03  3C  02  00  00	5	S	
7,104152	349	03  64  00  1F  00  00  82  1E	8	S	
7,114151	349	03  64  00  1F  00  00  73  1E	8	S	
7,124203	349	03  64  00  1F  00  00  64  1E	8	S	
7,129168	489	FF  03  11  46  40  01  00  3F	8	S	
7,134150	349	03  64  00  1F  00  00  55  1E	8	S	
7,144150	349	03  64  00  1F  00  00  46  1E	8	S	
7,154179	349	03  64  00  1F  00  00  37  1E	8	S	
7,164159	349	03  64  00  1F  00  00  28  1E	8	S	
7,169193	C9	00  00  00  00  00  00  00  00	8	S	
7,169442	E9	00  00  00  00  00  00  00  00	8	S	
7,174112	A9	00  00  00  00  00	5	S	
7,174350	349	03  64  00  1F  00  00  19  1E	8	S	
7,184197	349	03  64  00  1F  00  00  0A  1E	8	S	
7,189189	489	FF  03  11  46  40  01  00  3F	8	S	
7,194151	349	03  64  00  1F  00  00  FB  1E	8	S	
7,194336	4E9	03  4B  02  00  00	5	S	
7,204154	349	03  64  00  1F  00  00  EC  1E	8	S	
7,214197	349	03  64  00  1F  00  00  DD  1E	8	S	
7,224165	349	03  64  00  1F  00  00  CE  1E	8	S	
7,234166	349	03  64  00  1F  00  00  BF  1E	8	S	
7,244216	349	03  64  00  1F  00  00  A0  1E	8	S	
7,249184	489	FF  03  11  46  40  01  00  3F	8	S	
7,254167	349	03  64  00  1F  00  00  91  1E	8	S	
7,264165	349	03  64  00  1F  00  00  82  1E	8	S	
7,269206	C9	00  00  00  00  00  00  00  00	8	S	
7,269454	E9	00  00  00  00  00  00  00  00	8	S	
7,274156	A9	00  00  00  00  00	5	S	
7,274395	349	03  64  00  1F  00  00  73  1E	8	S	
7,284155	349	03  64  00  1F  00  00  64  1E	8	S	
7,294163	349	03  64  00  1F  00  00  55  1E	8	S	
7,294348	4E9	03  5A  02  00  00	5	S	
7,304198	349	03  64  00  1F  00  00  46  1E	8	S	
7,309168	489	FF  03  11  46  40  01  00  3F	8	S	
7,314153	349	03  64  00  1F  00  00  37  1E	8	S	
7,324153	349	03  64  00  1F  00  00  28  1E	8	S	
7,334186	349	03  64  00  1F  00  00  19  1E	8	S	
7,344156	349	03  64  00  1F  00  00  0A  1E	8	S	
7,354155	349	03  64  00  1F  00  00  FB  1E	8	S	
7,364259	349	03  64  00  1F  00  00  EC  1E	8	S	
7,369207	C9	00  00  00  00  00  00  00  00	8	S	
7,369456	E9	00  00  00  00  00  00  00  00	8	S	
7,369694	489	FF  03  11  46  40  01  00  3F	8	S	
7,374116	A9	00  00  00  00  00	5	S	
7,374354	349	03  64  00  1F  00  00  DD  1E	8	S	
7,384177	349	03  64  00  1F  00  00  CE  1E	8	S	
7,384421	789	C8  00  00  00  00  00  00  00	8	S	
7,394186	349	03  64  00  1F  00  00  BF  1E	8	S	
7,394370	4E9	03  69  02  00  00	5	S	
7,404154	349	03  64  00  1F  00  00  A0  1E	8	S	
7,414155	349	03  64  00  1F  00  00  91  1E	8	S	
7,424217	349	03  64  00  1F  00  00  82  1E	8	S	
7,429186	489	FF  03  11  46  40  01  00  3F	8	S	
7,434170	349	03  64  00  1F  00  00  73  1E	8	S	
7,444172	349	03  64  00  1F  00  00  64  1E	8	S	
7,454213	349	03  64  00  1F  00  00  55  1E	8	S	
7,464167	349	03  64  00  1F  00  00  46  1E	8	S	
7,469210	C9	00  00  00  00  00  00  00  00	8	S	
7,469458	E9	00  00  00  00  00  00  00  00	8	S	
7,474132	A9	00  00  00  00  00	5	S	
7,474369	349	03  64  00  1F  00  00  37  1E	8	S	
7,484223	349	03  64  00  1F  00  00  28  1E	8	S	
7,489193	489	FF  03  11  46  40  01  00  3F	8	S	
7,494172	349	03  64  00  1F  00  00  19  1E	8	S	
7,494360	4E9	03  78  02  00  00	5	S	
7,504172	349	03  64  00  1F  00  00  0A  1E	8	S	
7,514219	349	03  64  00  1F  00  00  FB  1E	8	S	
7,524161	349	03  64  00  1F  00  00  EC  1E	8	S	
7,534158	349	03  64  00  1F  00  00  DD  1E	8	S	
7,544202	349	03  64  00  1F  00  00  CE  1E	8	S	
7,549172	489	FF  03  11  46  40  01  00  3F	8	S	
7,554159	349	03  64  00  1F  00  00  BF  1E	8	S	
7,564163	349	03  64  00  1F  00  00  A0  1E	8	S	
7,569196	C9	00  00  00  00  00  00  00  00	8	S	
7,569444	E9	00  00  00  00  00  00  00  00	8	S	
7,574148	A9	00  00  00  00  00	5	S	
7,574387	349	03  64  00  1F  00  00  91  1E	8	S	
7,584157	349	03  64  00  1F  00  00  82  1E	8	S	
7,594158	349	03  64  00  1F  00  00  73  1E	8	S	
7,594344	4E9	03  87  02  00  00	5	S	
7,604210	349	03  64  00  1F  00  00  64  1E	8	S	
7,609175	489	FF  03  11  46  40  01  00  3F	8	S	
7,614155	349	03  64  00  1F  00  00  55  1E	8	S	
7,624157	349	03  64  00  1F  00  00  46  1E	8	S	
7,634186	349	03  64  00  1F  00  00  37  1E	8	S	
7,644160	349	03  64  00  1F  00  00  28  1E	8	S	
7,654159	349	03  64  00  1F  00  00  19  1E	8	S	
7,664245	349	03  64  00  1F  00  00  0A  1E	8	S	
7,669209	C9	00  00  00  00  00  00  00  00	8	S	
7,669458	E9	00  00  00  00  00  00  00  00	8	S	
7,669696	489	FF  03  11  46  40  01  00  3F	8	S	
7,674120	A9	00  00  00  00  00	5	S	
7,674359	349	03  64  00  1F  00  00  FB  1E	8	S	
7,684161	349	03  64  00  1F  00  00  EC  1E	8	S	
7,694190	349	03  64  00  1F  00  00  DD  1E	8	S	
7,694374	4E9	03  96  02  00  00	5	S	
7,704160	349	03  64  00  1F  00  00  CE  1E	8	S	
7,714161	349	03  64  00  1F  00  00  BF  1E	8	S	
7,724211	349	03  64  00  1F  00  00  A0  1E	8	S	
7,729176	489	FF  03  11  46  40  01  00  3F	8	S	
7,734160	349	03  64  00  1F  00  00  91  1E	8	S	
7,744161	349	03  64  00  1F  00  00  82  1E	8	S	
7,754191	349	03  64  00  1F  00  00  73  1E	8	S	
7,764163	349	03  64  00  1F  00  00  64  1E	8	S	
7,769202	C9	00  00  00  00  00  00  00  00	8	S	
7,769450	E9	00  00  00  00  00  00  00  00	8	S	
7,774122	A9	00  00  00  00  00	5	S	
7,774359	349	03  64  00  1F  00  00  55  1E	8	S	
7,784205	349	03  64  00  1F  00  00  46  1E	8	S	
7,789196	489	FF  03  11  46  40  01  00  3F	8	S	
7,794160	349	03  64  00  1F  00  00  37  1E	8	S	
7,794348	4E9	03  A5  02  00  00	5	S	
7,804163	349	03  64  00  1F  00  00  28  1E	8	S	
7,814207	349	03  64  00  1F  00  00  19  1E	8	S	
7,824163	349	03  64  00  1F  00  00  0A  1E	8	S	
7,834162	349	03  64  00  1F  00  00  FB  1E	8	S	
7,844214	349	03  64  00  1F  00  00  EC  1E	8	S	
7,849176	489	FF  03  11  46  40  01  00  3F	8	S	
7,854163	349	03  64  00  1F  00  00  DD  1E	8	S	
7,864160	349	03  64  00  1F  00  00  CE  1E	8	S	
7,869200	C9	00  00  00  00  00  00  00  00	8	S	
7,869448	E9	00  00  00  00  00  00  00  00	8	S	
7,874152	A9	00  00  00  00  00	5	S	
7,874391	349	03  64  00  1F  00  00  BF  1E	8	S	
7,884163	349	03  64  00  1F  00  00  A0  1E	8	S	
7,894162	349	03  64  00  1F  00  00  91  1E	8	S	
7,894346	4E9	03  B4  02  00  00	5	S	
7,904206	349	03  64  00  1F  00  00  82  1E	8	S	
7,909179	489	FF  03  11  46  40  01  00  3F	8	S	
7,914163	349	03  64  00  1F  00  00  73  1E	8	S	
7,924165	349	03  64  00  1F  00  00  64  1E	8	S	
7,934190	349	03  64  00  1F  00  00  55  1E	8	S	
7,944160	349	03  64  00  1F  00  00  46  1E	8	S	
7,954161	349	03  64  00  1F  00  00  37  1E	8	S	
7,964259	349	03  64  00  1F  00  00  28  1E	8	S	
7,969213	C9	00  00  00  00  00  00  00  00	8	S	
7,969462	E9	00  00  00  00  00  00  00  00	8	S	
7,969700	489	FF  03  11  46  40  01  00  3F	8	S	
7,974124	A9	00  00  00  00  00	5	S	
7,974363	349	03  64  00  1F  00  00  19  1E	8	S	
7,984163	349	03  64  00  1F  00  00  0A  1E	8	S	
7,994194	349	03  64  00  1F  00  00  FB  1E	8	S	
7,994378	4E9	03  C3  02  00  00	5	S	
8,004167	349	03  64  00  1F  00  00  EC  1E	8	S	
8,014165	349	03  64  00  1F  00  00  DD  1E	8	S	
8,024209	349	03  64  00  1F  00  00  CE  1E	8	S	
8,029180	489	FF  03  11  46  40  01  00  3F	8	S	
8,034162	349	03  64  00  1F  00  00  BF  1E	8	S	
8,044167	349	03  64  00  1F  00  00  A0  1E	8	S	
8,054193	349	03  64  00  1F  00  00  91  1E	8	S	
8,064163	349	03  64  00  1F  00  00  82  1E	8	S	
8,069201	C9	00  00  00  00  00  00  00  00	8	S	
8,069450	E9	00  00  00  00  00  00  00  00	8	S	
8,074124	A9	00  00  00  00  00	5	S	
8,074363	349	03  64  00  1F  00  00  73  1E	8	S	
8,084217	349	03  64  00  1F  00  00  64  1E	8	S	
8,089207	489	FF  03  11  46  40  01  00  3F	8	S	
8,094162	349	03  64  00  1F  00  00  55  1E	8	S	
8,094346	4E9	03  D2  02  00  00	5	S	
8,104163	349	03  64  00  1F  00  00  46  1E	8	S	
8,114207	349	03  64  00  1F  00  00  37  1E	8	S	
8,124177	349	03  64  00  1F  00  00  28  1E	8	S	
8,134176	349	03  64  00  1F  00  00  19  1E	8	S	
8,144222	349	03  64  00  1F  00  00  0A  1E	8	S	
8,149195	489	FF  03  11  46  40  01  00  3F	8	S	
8,154177	349	03  64  00  1F  00  00  FB  1E	8	S	
8,164179	349	03  64  00  1F  00  00  EC  1E	8	S	
8,169218	C9	00  00  00  00  00  00  00  00	8	S	
8,169466	E9	00  00  00  00  00  00  00  00	8	S	
8,174170	A9	00  00  00  00  00	5	S	
8,174409	349	03  64  00  1F  00  00  DD  1E	8	S	
8,184179	349	03  64  00  1F  00  00  CE  1E	8	S	
8,194178	349	03  64  00  1F  00  00  BF  1E	8	S	
8,194366	4E9	03  E1  02  00  00	5	S	
8,204216	349	03  64  00  1F  00  00  A0  1E	8	S	
8,209183	489	FF  03  11  46  40  01  00  3F	8	S	
8,214179	349	03  64  00  1F  00  00  91  1E	8	S	
8,224179	349	03  64  00  1F  00  00  82  1E	8	S	
8,234196	349	03  64  00  1F  00  00  73  1E	8	S	
8,244168	349	03  64  00  1F  00  00  64  1E	8	S	
8,254165	349	03  64  00  1F  00  00  55  1E	8	S	
8,264249	349	03  64  00  1F  00  00  46  1E	8	S	
8,269231	C9	00  00  00  00  00  00  00  00	8	S	
8,269480	E9	00  00  00  00  00  00  00  00	8	S	
8,269718	489	FF  03  11  46  40  01  00  3F	8	S	
8,274127	A9	00  00  00  00  00	5	S	
8,274363	349	03  64  00  1F  00  00  37  1E	8	S	
8,284169	349	03  64  00  1F  00  00  28  1E	8	S	
8,294196	349	03  64  00  1F  00  00  19  1E	8	S	
8,294384	4E9	03  F0  02  00  00	5	S	
8,304184	349	03  64  00  1F  00  00  0A  1E	8	S	
8,314187	349	03  64  00  1F  00  00  FB  1E	8	S	
8,324235	349	03  64  00  1F  00  00  EC  1E	8	S	
8,329197	489	FF  03  11  46  40  01  00  3F	8	S	
8,334182	349	03  64  00  1F  00  00  DD  1E	8	S	
8,344182	349	03  64  00  1F  00  00  CE  1E	8	S	
8,354213	349	03  64  00  1F  00  00  BF  1E	8	S	
8,364189	349	03  64  00  1F  00  00  A0  1E	8	S	
8,369224	C9	00  00  00  00  00  00  00  00	8	S	
8,369472	E9	00  00  00  00  00  00  00  00	8	S	
8,374144	A9	00  00  00  00  00	5	S	
8,374382	349	03  64  00  1F  00  00  91  1E	8	S	
8,384251	349	03  64  00  1F  00  00  82  1E	8	S	
8,384495	789	C8  00  00  00  00  00  00  00	8	S	
8,389208	489	FF  03  11  46  40  01  00  3F	8	S	
8,394170	349	03  64  00  1F  00  00  73  1E	8	S	
8,394358	4E9	03  0F  02  00  00	5	S	
8,404171	349	03  64  00  1F  00  00  64  1E	8	S	
8,414227	349	03  64  00  1F  00  00  55  1E	8	S	
8,424168	349	03  64  00  1F  00  00  46  1E	8	S	
8,434168	349	03  64  00  1F  00  00  37  1E	8	S	
8,444219	349	03  64  00  1F  00  00  28  1E	8	S	
8,449185	489	FF  03  11  46  40  01  00  3F	8	S	
8,454171	349	03  64  00  1F  00  00  19  1E	8	S	
8,464170	349	03  64  00  1F  00  00  0A  1E	8	S	
8,469208	C9	00  00  00  00  00  00  00  00	8	S	
8,469456	E9	00  00  00  00  00  00  00  00	8	S	
8,474161	A9	00  00  00  00  00	5	S	
8,474399	349	03  64  00  1F  00  00  FB  1E	8	S	
8,484175	349	03  64  00  1F  00  00  EC  1E	8	S	
8,494172	349	03  64  00  1F  00  00  DD  1E	8	S	
8,494356	4E9	03  1E  02  00  00	5	S	
8,504215	349	03  64  00  1F  00  00  CE  1E	8	S	
8,509185	489	FF  03  11  46  40  01  00  3F	8	S	
8,514169	349	03  64  00  1F  00  00  BF  1E	8	S	
8,524172	349	03  64  00  1F  00  00  A0  1E	8	S	
8,534200	349	03  64  00  1F  00  00  91  1E	8	S	
8,544173	349	03  64  00  1F  00  00  82  1E	8	S	
8,554173	349	03  64  00  1F  00  00  73  1E	8	S	
8,564263	349	03  64  00  1F  00  00  64  1E	8	S	
8,569222	C9	00  00  00  00  00  00  00  00	8	S	
8,569470	E9	00  00  00  00  00  00  00  00	8	S	
8,569708	489	FF  03  11  46  40  01  00  3F	8	S	
8,574133	A9	00  00  00  00  00	5	S	
8,574369	349	03  64  00  1F  00  00  55  1E	8	S	
8,584169	349	03  64  00  1F  00  00  46  1E	8	S	
8,594198	349	03  64  00  1F  00  00  37  1E	8	S	
8,594386	4E9	03  2D  02  00  00	5	S	
8,604173	349	03  64  00  1F  00  00  28  1E	8	S	
8,614173	349	03  64  00  1F  00  00  19  1E	8	S	
8,624216	349	03  64  00  1F  00  00  0A  1E	8	S	
8,629188	489	FF  03  11  46  40  01  00  3F	8	S	
8,634170	349	03  64  00  1F  00  00  FB  1E	8	S	
8,644175	349	03  64  00  1F  00  00  EC  1E	8	S	
8,654201	349	03  64  00  1F  00  00  DD  1E	8	S	
8,664172	349	03  64  00  1F  00  00  CE  1E	8	S	
8,669210	C9	00  00  00  00  00  00  00  00	8	S	
8,669458	E9	00  00  00  00  00  00  00  00	8	S	
8,674133	A9	00  00  00  00  00	5	S	
8,674371	349	03  64  00  1F  00  00  BF  1E	8	S	
8,684221	349	03  64  00  1F  00  00  A0  1E	8	S	
8,689200	489	FF  03  11  46  40  01  00  3F	8	S	
8,694172	349	03  64  00  1F  00  00  91  1E	8	S	
8,694356	4E9	03  3C  02  00  00	5	S	
8,704173	349	03  64  00  1F  00  00  82  1E	8	S	
8,714217	349	03  64  00  1F  00  00  73  1E	8	S	
8,724174	349	03  64  00  1F  00  00  64  1E	8	S	
8,734170	349	03  64  00  1F  00  00  55  1E	8	S	
8,744215	349	03  64  00  1F  00  00  46  1E	8	S	
8,749189	489	FF  03  11  46  40  01  00  3F	8	S	
8,754169	349	03  64  00  1F  00  00  37  1E	8	S	
8,764180	349	03  64  00  1F  00  00  28  1E	8	S	
8,769210	C9	00  00  00  00  00  00  00  00	8	S	
8,769458	E9	00  00  00  00  00  00  00  00	8	S	
8,774165	A9	00  00  00  00  00	5	S	
8,774403	349	03  64  00  1F  00  00  19  1E	8	S	
8,784173	349	03  64  00  1F  00  00  0A  1E	8	S	
8,794174	349	03  64  00  1F  00  00  FB  1E	8	S	
8,794358	4E9	03  4B  02  00  00	5	S	
8,804226	349	03  64  00  1F  00  00  EC  1E	8	S	
8,809191	489	FF  03  11  46  40  01  00  3F	8	S	
8,814178	349	03  64  00  1F  00  00  DD  1E	8	S	
8,824173	349	03  64  00  1F  00  00  CE  1E	8	S	
8,834204	349	03  64  00  1F  00  00  BF  1E	8	S	
8,844174	349	03  64  00  1F  00  00  A0  1E	8	S	
8,854173	349	03  64  00  1F  00  00  91  1E	8	S	
8,864257	349	03  64  00  1F  00  00  82  1E	8	S	
8,869226	C9	00  00  00  00  00  00  00  00	8	S	
8,869474	E9	00  00  00  00  00  00  00  00	8	S	
8,869712	489	FF  03  11  46  40  01  00  3F	8	S	
8,874135	A9	00  00  00  00  00	5	S	
8,874373	349	03  64  00  1F  00  00  73  1E	8	S	
8,884175	349	03  64  00  1F  00  00  64  1E	8	S	
8,894204	349	03  64  00  1F  00  00  55  1E	8	S	
8,894388	4E9	03  5A  02  00  00	5	S	
8,904173	349	03  64  00  1F  00  00  46  1E	8	S	
8,914171	349	03  64  00  1F  00  00  37  1E	8	S	
8,924223	349	03  64  00  1F  00  00  28  1E	8	S	
8,929192	489	FF  03  11  46  40  01  00  3F	8	S	
8,934174	349	03  64  00  1F  00  00  19  1E	8	S	
8,944175	349	03  64  00  1F  00  00  0A  1E	8	S	
8,954205	349	03  64  00  1F  00  00  FB  1E	8	S	
8,964178	349	03  64  00  1F  00  00  EC  1E	8	S	
8,969216	C9	00  00  00  00  00  00  00  00	8	S	
8,969464	E9	00  00  00  00  00  00  00  00	8	S	
8,974136	A9	00  00  00  00  00	5	S	
8,974375	349	03  64  00  1F  00  00  DD  1E	8	S	
8,984233	349	03  64  00  1F  00  00  CE  1E	8	S	
8,989235	489	FF  03  11  46  40  01  00  3F	8	S	
8,994188	349	03  64  00  1F  00  00  BF  1E	8	S	
8,994372	4E9	03  69  02  00  00	5	S	
9,004189	349	03  64  00  1F  00  00  A0  1E	8	S	
9,014235	349	03  64  00  1F  00  00  91  1E	8	S	
9,024189	349	03  64  00  1F  00  00  82  1E	8	S	
9,034188	349	03  64  00  1F  00  00  73  1E	8	S	
9,044242	349	03  64  00  1F  00  00  64  1E	8	S	
9,049207	489	FF  03  11  46  40  01  00  3F	8	S	
9,054185	349	03  64  00  1F  00  00  55  1E	8	S	
9,064186	349	03  64  00  1F  00  00  46  1E	8	S	
9,069230	C9	00  00  00  00  00  00  00  00	8	S	
9,069479	E9	00  00  00  00  00  00  00  00	8	S	
9,074181	A9	00  00  00  00  00	5	S	
9,074417	349	03  64  00  1F  00  00  37  1E	8	S	
9,084189	349	03  64  00  1F  00  00  28  1E	8	S	
9,094180	349	03  64  00  1F  00  00  19  1E	8	S	
9,094368	4E9	03  78  02  00  00	5	S	
9,104235	349	03  64  00  1F  00  00  0A  1E	8	S	
9,109195	489	FF  03  11  46  40  01  00  3F	8	S	
9,114177	349	03  64  00  1F  00  00  FB  1E	8	S	
9,124180	349	03  64  00  1F  00  00  EC  1E	8	S	
9,134208	349	03  64  00  1F  00  00  DD  1E	8	S	
9,144176	349	03  64  00  1F  00  00  CE  1E	8	S	
9,154177	349	03  64  00  1F  00  00  BF  1E	8	S	
9,164275	349	03  64  00  1F  00  00  A0  1E	8	S	
9,169230	C9	00  00  00  00  00  00  00  00	8	S	
9,169478	E9	00  00  00  00  00  00  00  00	8	S	
9,169716	489	FF  03  11  46  40  01  00  3F	8	S	
9,174139	A9	00  00  00  00  00	5	S	
9,174377	349	03  64  00  1F  00  00  91  1E	8	S	
9,184179	349	03  64  00  1F  00  00  82  1E	8	S	
9,194208	349	03  64  00  1F  00  00  73  1E	8	S	
9,194394	4E9	03  87  02  00  00	5	S	
9,204196	349	03  64  00  1F  00  00  64  1E	8	S	
9,214193	349	03  64  00  1F  00  00  55  1E	8	S	
9,224237	349	03  64  00  1F  00  00  46  1E	8	S	
9,229194	489	FF  03  11  46  40  01  00  3F	8	S	
9,234192	349	03  64  00  1F  00  00  37  1E	8	S	
9,244195	349	03  64  00  1F  00  00  28  1E	8	S	
9,254225	349	03  64  00  1F  00  00  19  1E	8	S	
9,264195	349	03  64  00  1F  00  00  0A  1E	8	S	
9,269234	C9	00  00  00  00  00  00  00  00	8	S	
9,269482	E9	00  00  00  00  00  00  00  00	8	S	
